# ASAP VERSION 3.0
# American Plaice Gulf of Maine-Georges Bank TY 2019 data for WHAM file
#
# ASAP GUI 15 AUG 2012
#
# Number of Years
40
# First Year
1980
# Number of Ages
11
# Number of Fleets
1
# Number of Sensitivity Blocks
1
# Number of Available Survey Indices
12
# Natural Mortality
0.3	0.3	0.3	0.3	0.3	0.3	0.3	0.3	0.3	0.3	0.3
0.3	0.3	0.3	0.3	0.3	0.3	0.3	0.3	0.3	0.3	0.3
0.3	0.3	0.3	0.3	0.3	0.3	0.3	0.3	0.3	0.3	0.3
0.3	0.3	0.3	0.3	0.3	0.3	0.3	0.3	0.3	0.3	0.3
0.3	0.3	0.3	0.3	0.3	0.3	0.3	0.3	0.3	0.3	0.3
0.3	0.3	0.3	0.3	0.3	0.3	0.3	0.3	0.3	0.3	0.3
0.3	0.3	0.3	0.3	0.3	0.3	0.3	0.3	0.3	0.3	0.3
0.3	0.3	0.3	0.3	0.3	0.3	0.3	0.3	0.3	0.3	0.3
0.3	0.3	0.3	0.3	0.3	0.3	0.3	0.3	0.3	0.3	0.3
0.3	0.3	0.3	0.3	0.3	0.3	0.3	0.3	0.3	0.3	0.3
0.3	0.3	0.3	0.3	0.3	0.3	0.3	0.3	0.3	0.3	0.3
0.3	0.3	0.3	0.3	0.3	0.3	0.3	0.3	0.3	0.3	0.3
0.3	0.3	0.3	0.3	0.3	0.3	0.3	0.3	0.3	0.3	0.3
0.3	0.3	0.3	0.3	0.3	0.3	0.3	0.3	0.3	0.3	0.3
0.3	0.3	0.3	0.3	0.3	0.3	0.3	0.3	0.3	0.3	0.3
0.3	0.3	0.3	0.3	0.3	0.3	0.3	0.3	0.3	0.3	0.3
0.3	0.3	0.3	0.3	0.3	0.3	0.3	0.3	0.3	0.3	0.3
0.3	0.3	0.3	0.3	0.3	0.3	0.3	0.3	0.3	0.3	0.3
0.3	0.3	0.3	0.3	0.3	0.3	0.3	0.3	0.3	0.3	0.3
0.3	0.3	0.3	0.3	0.3	0.3	0.3	0.3	0.3	0.3	0.3
0.3	0.3	0.3	0.3	0.3	0.3	0.3	0.3	0.3	0.3	0.3
0.3	0.3	0.3	0.3	0.3	0.3	0.3	0.3	0.3	0.3	0.3
0.3	0.3	0.3	0.3	0.3	0.3	0.3	0.3	0.3	0.3	0.3
0.3	0.3	0.3	0.3	0.3	0.3	0.3	0.3	0.3	0.3	0.3
0.3	0.3	0.3	0.3	0.3	0.3	0.3	0.3	0.3	0.3	0.3
0.3	0.3	0.3	0.3	0.3	0.3	0.3	0.3	0.3	0.3	0.3
0.3	0.3	0.3	0.3	0.3	0.3	0.3	0.3	0.3	0.3	0.3
0.3	0.3	0.3	0.3	0.3	0.3	0.3	0.3	0.3	0.3	0.3
0.3	0.3	0.3	0.3	0.3	0.3	0.3	0.3	0.3	0.3	0.3
0.3	0.3	0.3	0.3	0.3	0.3	0.3	0.3	0.3	0.3	0.3
0.3	0.3	0.3	0.3	0.3	0.3	0.3	0.3	0.3	0.3	0.3
0.3	0.3	0.3	0.3	0.3	0.3	0.3	0.3	0.3	0.3	0.3
0.3	0.3	0.3	0.3	0.3	0.3	0.3	0.3	0.3	0.3	0.3
0.3	0.3	0.3	0.3	0.3	0.3	0.3	0.3	0.3	0.3	0.3
0.3	0.3	0.3	0.3	0.3	0.3	0.3	0.3	0.3	0.3	0.3
0.3	0.3	0.3	0.3	0.3	0.3	0.3	0.3	0.3	0.3	0.3
0.3	0.3	0.3	0.3	0.3	0.3	0.3	0.3	0.3	0.3	0.3
0.3	0.3	0.3	0.3	0.3	0.3	0.3	0.3	0.3	0.3	0.3
0.3	0.3	0.3	0.3	0.3	0.3	0.3	0.3	0.3	0.3	0.3
0.3	0.3	0.3	0.3	0.3	0.3	0.3	0.3	0.3	0.3	0.3     
# Fecundity Option
0
# Fraction of year that elapses prior to SSB calculation (0=Jan-1)
0.2500
# Maturity 
0	0.14	0.44	0.75	0.89	0.96	0.98	0.99	0.99	1	1
0	0.14	0.44	0.75	0.89	0.96	0.98	0.99	0.99	1	1
0	0.14	0.44	0.75	0.89	0.96	0.98	0.99	0.99	1	1
0	0.14	0.44	0.75	0.89	0.96	0.98	0.99	0.99	1	1
0	0.14	0.44	0.75	0.89	0.96	0.98	0.99	0.99	1	1
0	0.14	0.44	0.75	0.89	0.96	0.98	0.99	0.99	1	1
0	0.14	0.44	0.75	0.89	0.96	0.98	0.99	0.99	1	1
0	0.14	0.44	0.75	0.89	0.96	0.98	0.99	0.99	1	1
0	0.14	0.44	0.75	0.89	0.96	0.98	0.99	0.99	1	1
0	0.14	0.44	0.75	0.89	0.96	0.98	0.99	0.99	1	1
0	0.14	0.44	0.75	0.89	0.96	0.98	0.99	0.99	1	1
0	0.14	0.44	0.75	0.89	0.96	0.98	0.99	0.99	1	1
0	0.14	0.44	0.75	0.89	0.96	0.98	0.99	0.99	1	1
0	0.14	0.44	0.75	0.89	0.96	0.98	0.99	0.99	1	1
0	0.14	0.44	0.75	0.89	0.96	0.98	0.99	0.99	1	1
0	0.14	0.44	0.75	0.89	0.96	0.98	0.99	0.99	1	1
0	0.14	0.44	0.75	0.89	0.96	0.98	0.99	0.99	1	1
0	0.14	0.44	0.75	0.89	0.96	0.98	0.99	0.99	1	1
0	0.14	0.44	0.75	0.89	0.96	0.98	0.99	0.99	1	1
0	0.14	0.44	0.75	0.89	0.96	0.98	0.99	0.99	1	1
0	0.14	0.44	0.75	0.89	0.96	0.98	0.99	0.99	1	1
0	0.14	0.44	0.75	0.89	0.96	0.98	0.99	0.99	1	1
0	0.14	0.44	0.75	0.89	0.96	0.98	0.99	0.99	1	1
0	0.14	0.44	0.75	0.89	0.96	0.98	0.99	0.99	1	1
0	0.14	0.44	0.75	0.89	0.96	0.98	0.99	0.99	1	1
0	0.14	0.44	0.75	0.89	0.96	0.98	0.99	0.99	1	1
0	0.14	0.44	0.75	0.89	0.96	0.98	0.99	0.99	1	1
0	0.14	0.44	0.75	0.89	0.96	0.98	0.99	0.99	1	1
0	0.14	0.44	0.75	0.89	0.96	0.98	0.99	0.99	1	1
0	0.14	0.44	0.75	0.89	0.96	0.98	0.99	0.99	1	1
0	0.14	0.44	0.75	0.89	0.96	0.98	0.99	0.99	1	1
0	0.14	0.44	0.75	0.89	0.96	0.98	0.99	0.99	1	1
0	0.14	0.44	0.75	0.89	0.96	0.98	0.99	0.99	1	1
0	0.14	0.44	0.75	0.89	0.96	0.98	0.99	0.99	1	1
0	0.14	0.44	0.75	0.89	0.96	0.98	0.99	0.99	1	1
0	0.14	0.44	0.75	0.89	0.96	0.98	0.99	0.99	1	1
0	0.14	0.44	0.75	0.89	0.96	0.98	0.99	0.99	1	1
0	0.14	0.44	0.75	0.89	0.96	0.98	0.99	0.99	1	1
0	0.14	0.44	0.75	0.89	0.96	0.98	0.99	0.99	1	1
0	0.14	0.44	0.75	0.89	0.96	0.98	0.99	0.99	1	1    
# Number of Weights at Age Matrices - needs updating
4
# Weight Matrix - 1 Fleet
0.030	0.076	0.154	0.267	0.409	0.653	0.829	1.039	1.183	1.374	1.895
0.032	0.108	0.168	0.316	0.442	0.778	0.885	0.978	1.130	1.254	1.551
0.018	0.115	0.230	0.290	0.418	0.564	0.960	1.138	1.196	1.552	1.901
0.013	0.033	0.185	0.378	0.530	0.670	0.823	1.042	1.238	1.446	1.680
0.004	0.045	0.161	0.303	0.524	0.630	0.888	1.187	1.133	1.369	1.958
0.018	0.058	0.084	0.209	0.331	0.534	0.847	1.167	1.377	1.665	2.128
0.016	0.042	0.138	0.229	0.384	0.587	0.842	1.174	1.491	1.747	2.194
0.013	0.046	0.131	0.234	0.409	0.609	0.892	1.173	1.483	1.732	2.284
0.016	0.046	0.159	0.284	0.449	0.641	0.880	1.231	1.396	1.717	2.238
0.012	0.047	0.153	0.282	0.416	0.534	0.732	0.856	1.313	1.463	1.940
0.017	0.048	0.141	0.277	0.439	0.613	0.807	0.967	1.089	1.305	1.696
0.022	0.049	0.157	0.328	0.494	0.701	0.960	1.160	1.277	1.543	1.811
0.019	0.045	0.130	0.314	0.505	0.727	0.939	1.192	1.318	1.640	2.005
0.017	0.038	0.243	0.363	0.484	0.634	0.955	1.229	1.408	1.576	2.312
0.015	0.027	0.243	0.391	0.496	0.591	0.768	1.087	1.274	1.394	1.866
0.015	0.036	0.178	0.317	0.494	0.640	0.720	1.025	1.280	1.643	1.744
0.019	0.031	0.121	0.325	0.472	0.625	0.832	1.112	1.314	1.561	1.933
0.014	0.029	0.158	0.354	0.435	0.615	0.790	1.084	1.269	1.389	1.785
0.040	0.068	0.167	0.277	0.368	0.509	0.769	1.028	1.328	1.418	2.065
0.035	0.100	0.200	0.321	0.441	0.547	0.704	0.906	1.153	1.397	1.507
0.004	0.109	0.279	0.343	0.464	0.551	0.721	0.944	1.091	1.308	1.809
0.011	0.026	0.163	0.309	0.426	0.523	0.684	0.815	1.033	1.386	1.556
0.021	0.074	0.146	0.307	0.422	0.511	0.662	0.869	1.031	1.223	1.413
0.019	0.028	0.160	0.293	0.386	0.524	0.666	0.828	0.965	1.057	1.238
0.012	0.025	0.100	0.304	0.398	0.510	0.660	0.773	0.944	1.035	1.192
0.009	0.023	0.114	0.309	0.410	0.523	0.664	0.834	0.934	1.079	1.304
0.015	0.040	0.126	0.282	0.395	0.509	0.598	0.782	0.907	0.958	1.291
0.006	0.034	0.183	0.326	0.422	0.517	0.639	0.816	0.945	1.104	1.389
0.009	0.044	0.199	0.312	0.422	0.474	0.580	0.618	0.717	0.807	1.046
0.012	0.063	0.207	0.289	0.390	0.490	0.533	0.574	0.676	0.797	0.940
0.029	0.045	0.134	0.299	0.375	0.466	0.543	0.604	0.597	0.567	0.837
0.015	0.026	0.083	0.290	0.426	0.496	0.531	0.574	0.611	0.701	0.778
0.017	0.033	0.084	0.254	0.351	0.459	0.523	0.551	0.610	0.645	0.786
0.044	0.098	0.200	0.346	0.446	0.469	0.560	0.585	0.603	0.611	0.775
0.039	0.128	0.268	0.388	0.476	0.537	0.560	0.651	0.673	0.757	0.793
0.027	0.133	0.290	0.427	0.502	0.569	0.620	0.637	0.789	0.725	0.818
0.036	0.131	0.252	0.417	0.522	0.621	0.688	0.725	0.752	0.862	0.886
0.019	0.097	0.224	0.379	0.510	0.615	0.688	0.772	0.840	0.852	1.027
0.043	0.104	0.205	0.414	0.543	0.644	0.627	0.762	0.720	0.753	0.907
0.044	0.115	0.214	0.341	0.502	0.559	0.648	0.732	0.766	0.738	0.944
# Weight Matrix - 2 Jan1
0.016	0.051	0.108	0.208	0.297	0.561	0.763	0.996	1.149	1.275	1.895
0.017	0.057	0.113	0.221	0.344	0.564	0.760	0.900	1.084	1.218	1.551
0.013	0.061	0.158	0.221	0.363	0.499	0.864	1.004	1.082	1.324	1.901
0.007	0.024	0.146	0.295	0.392	0.529	0.681	1.000	1.187	1.315	1.680
0.001	0.024	0.073	0.237	0.445	0.578	0.771	0.988	1.087	1.302	1.958
0.012	0.015	0.062	0.183	0.317	0.529	0.731	1.018	1.279	1.374	2.128
0.009	0.028	0.090	0.139	0.283	0.441	0.671	0.997	1.319	1.551	2.194
0.007	0.027	0.074	0.180	0.306	0.484	0.724	0.994	1.320	1.607	2.284
0.009	0.025	0.086	0.193	0.324	0.512	0.732	1.048	1.280	1.596	2.238
0.006	0.027	0.084	0.212	0.344	0.490	0.685	0.868	1.271	1.429	1.940
0.010	0.024	0.081	0.206	0.352	0.505	0.657	0.841	0.966	1.309	1.696
0.015	0.029	0.087	0.215	0.370	0.555	0.767	0.968	1.111	1.296	1.811
0.013	0.032	0.080	0.222	0.407	0.599	0.811	1.070	1.237	1.447	2.005
0.014	0.027	0.105	0.217	0.390	0.566	0.833	1.074	1.296	1.441	2.312
0.010	0.021	0.096	0.308	0.424	0.535	0.698	1.019	1.251	1.401	1.866
0.010	0.023	0.069	0.278	0.440	0.563	0.652	0.887	1.180	1.447	1.744
0.015	0.022	0.066	0.241	0.387	0.556	0.730	0.895	1.161	1.414	1.933
0.006	0.024	0.070	0.207	0.376	0.539	0.703	0.950	1.188	1.351	1.785
0.025	0.031	0.070	0.209	0.361	0.471	0.688	0.901	1.200	1.341	2.065
0.020	0.063	0.117	0.232	0.350	0.449	0.599	0.835	1.089	1.362	1.507
0.002	0.062	0.167	0.262	0.386	0.493	0.628	0.815	0.994	1.228	1.809
0.004	0.010	0.133	0.294	0.382	0.493	0.614	0.767	0.988	1.230	1.556
0.018	0.029	0.062	0.224	0.361	0.467	0.588	0.771	0.917	1.124	1.413
0.017	0.024	0.109	0.207	0.344	0.470	0.583	0.740	0.916	1.044	1.238
0.009	0.022	0.053	0.221	0.342	0.444	0.588	0.718	0.884	0.999	1.192
0.004	0.017	0.053	0.176	0.353	0.456	0.582	0.742	0.850	1.009	1.304
0.010	0.019	0.054	0.179	0.349	0.457	0.559	0.721	0.870	0.946	1.291
0.002	0.023	0.086	0.203	0.345	0.452	0.570	0.699	0.860	1.001	1.389
0.003	0.016	0.082	0.239	0.371	0.447	0.548	0.628	0.765	0.873	1.046
0.006	0.024	0.095	0.240	0.349	0.455	0.503	0.577	0.646	0.756	0.940
0.031	0.023	0.092	0.249	0.329	0.426	0.516	0.567	0.585	0.619	0.837
0.010	0.028	0.061	0.197	0.357	0.431	0.497	0.558	0.608	0.647	0.778
0.007	0.022	0.047	0.145	0.319	0.442	0.509	0.541	0.592	0.628	0.786
0.026	0.041	0.081	0.171	0.337	0.406	0.507	0.553	0.576	0.611	0.775
0.021	0.075	0.162	0.279	0.406	0.489	0.513	0.604	0.628	0.676	0.793
0.012	0.072	0.193	0.338	0.441	0.520	0.577	0.597	0.717	0.699	0.818
0.022	0.060	0.183	0.348	0.472	0.558	0.626	0.670	0.692	0.825	0.886
0.008	0.059	0.171	0.309	0.461	0.567	0.654	0.729	0.780	0.800	1.027
0.026	0.045	0.141	0.305	0.454	0.573	0.621	0.724	0.746	0.795	0.907
0.028	0.070	0.149	0.264	0.456	0.551	0.646	0.678	0.764	0.729	0.944
# Weight Matrix - 3 NEFSC Spring WAA - based on L-W prediction - revised 3/1/22
0.005	0.036	0.151	0.235	0.374	0.583	0.807	1.124	1.354	1.382	1.483
0.005	0.053	0.126	0.246	0.366	0.621	0.732	0.872	1.101	1.073	1.623
0.011	0.043	0.142	0.221	0.349	0.538	0.842	1.064	1.019	1.419	1.645
0.005	0.046	0.147	0.258	0.347	0.554	0.700	1.020	1.192	1.245	1.589
0.008	0.035	0.109	0.184	0.308	0.431	0.692	0.797	1.189	1.355	1.611
0.003	0.029	0.083	0.173	0.254	0.389	0.599	0.821	1.059	1.418	1.707
0.003	0.038	0.118	0.205	0.293	0.402	0.674	0.893	1.166	1.353	1.405
0.007	0.049	0.110	0.216	0.309	0.431	0.635	0.932	1.230	1.317	1.435
0.004	0.034	0.118	0.222	0.359	0.521	0.755	0.686	1.248	1.147	1.276
0.004	0.034	0.113	0.215	0.333	0.476	0.753	0.637	0.919	0.941	1.371
0.004	0.035	0.105	0.198	0.355	0.465	0.781	0.728	1.249	1.492	1.317
0.003	0.029	0.103	0.231	0.376	0.604	0.838	0.822	1.231	1.059	1.736
0.004	0.032	0.093	0.228	0.423	0.707	0.918	1.340	1.719	1.684	1.492
0.003	0.040	0.131	0.225	0.348	0.578	0.877	1.175	1.494	1.586	1.388
0.003	0.038	0.121	0.220	0.338	0.478	0.751	1.016	0.648	1.059	1.857
0.004	0.035	0.111	0.237	0.380	0.536	0.779	0.667	1.353	1.542	1.898
0.004	0.031	0.099	0.197	0.356	0.510	0.521	1.057	1.081	1.059	1.236
0.004	0.035	0.105	0.196	0.342	0.520	0.623	0.551	0.901	2.237	1.927
0.004	0.032	0.090	0.165	0.264	0.432	0.572	0.940	0.701	1.235	1.588
0.003	0.032	0.068	0.179	0.302	0.412	0.518	0.859	0.977	1.081	1.236
0.008	0.042	0.113	0.206	0.370	0.482	0.587	0.870	1.066	1.448	1.420
0.005	0.033	0.093	0.199	0.332	0.471	0.582	0.660	0.822	0.921	0.321
0.005	0.039	0.100	0.191	0.328	0.417	0.580	0.627	0.718	0.984	0.876
0.012	0.034	0.096	0.154	0.275	0.387	0.555	0.385	0.794	0.999	1.336
0.004	0.025	0.064	0.144	0.253	0.348	0.456	0.526	0.799	0.425	1.448
0.003	0.020	0.061	0.159	0.246	0.375	0.434	0.741	0.901	1.264	1.236
0.008	0.035	0.090	0.160	0.260	0.320	0.435	0.561	0.751	0.724	1.375
0.010	0.043	0.112	0.203	0.311	0.385	0.556	0.594	0.425	1.024	1.081
0.003	0.041	0.083	0.171	0.274	0.372	0.422	0.489	0.740	0.842	1.067
0.006	0.037	0.096	0.159	0.247	0.360	0.432	0.411	0.535	0.793	0.703
0.003	0.048	0.099	0.209	0.257	0.338	0.400	0.618	0.644	0.664	0.767
0.007	0.034	0.054	0.122	0.179	0.301	0.327	0.399	0.507	0.532	0.596
0.004	0.026	0.063	0.137	0.206	0.315	0.376	0.434	0.497	0.502	0.852
0.004	0.032	0.082	0.172	0.280	0.298	0.383	0.504	0.506	0.594	0.614
0.004	0.023	0.069	0.169	0.235	0.393	0.385	0.503	0.500	0.475	0.782
0.003	0.045	0.128	0.249	0.337	0.454	0.491	0.578	0.531	0.707	0.815
0.009	0.050	0.165	0.282	0.364	0.478	0.625	0.664	0.648	0.686	0.816
0.003	0.033	0.089	0.254	0.353	0.475	0.492	0.550	0.675	0.805	0.810
0.007	0.035	0.103	0.175	0.323	0.403	0.494	0.546	0.574	0.639	0.749
0.006	0.047	0.088	0.216	0.268	0.400	0.446	0.540	0.588	0.638	0.972
# Weight Matrix - 4 NEFSC Fall WAA - based on L-W prediction - revised 3/1/22
0.035	0.092	0.163	0.269	0.437	0.606	0.787	1.013	1.191	1.307	1.609
0.028	0.093	0.189	0.302	0.474	0.792	0.895	1.209	1.135	1.420	1.492
0.026	0.106	0.206	0.290	0.428	0.624	0.894	1.099	1.331	1.677	1.338
0.020	0.078	0.182	0.328	0.486	0.665	0.775	0.855	1.145	1.560	1.838
0.021	0.088	0.177	0.299	0.465	0.603	0.631	1.184	0.971	1.380	1.878
0.028	0.087	0.161	0.292	0.543	0.791	1.022	1.003	1.543	1.104	2.239
0.021	0.085	0.164	0.256	0.428	0.606	0.831	1.126	1.011	1.167	2.147
0.018	0.075	0.191	0.278	0.432	0.548	0.790	0.879	1.370	1.786	1.163
0.018	0.073	0.191	0.347	0.509	0.726	1.010	0.623	1.237	1.104	2.038
0.016	0.064	0.172	0.335	0.486	0.692	0.882	1.317	1.308	1.839	1.635
0.014	0.069	0.203	0.322	0.559	0.785	1.162	1.138	1.130	1.392	1.696
0.020	0.080	0.180	0.332	0.551	0.747	0.772	1.284	0.971	1.684	1.586
0.020	0.078	0.146	0.301	0.518	0.888	1.152	0.838	1.892	1.800	1.684
0.018	0.077	0.182	0.280	0.446	0.623	1.290	1.038	1.531	1.508	1.341
0.019	0.073	0.179	0.256	0.404	0.554	0.647	1.058	1.235	1.494	1.317
0.015	0.078	0.185	0.334	0.493	0.656	0.777	1.586	1.009	1.104	1.786
0.025	0.057	0.154	0.287	0.493	0.638	0.677	0.861	1.502	1.104	2.065
0.028	0.087	0.167	0.293	0.505	0.639	0.676	1.081	1.235	1.104	2.237
0.023	0.072	0.155	0.250	0.325	0.487	0.713	0.980	1.317	1.492	1.586
0.024	0.080	0.171	0.296	0.426	0.492	0.831	1.201	0.971	1.104	1.341
0.020	0.072	0.175	0.292	0.462	0.472	0.770	0.916	0.818	1.332	1.341
0.019	0.066	0.145	0.249	0.397	0.588	0.616	0.819	0.851	0.912	1.403
0.020	0.057	0.116	0.210	0.353	0.458	0.562	0.710	0.826	1.348	0.476
0.029	0.071	0.138	0.242	0.338	0.565	0.647	0.792	0.882	1.118	1.347
0.016	0.046	0.100	0.181	0.294	0.420	0.570	0.677	1.136	1.104	1.036
0.016	0.054	0.115	0.192	0.284	0.416	0.578	0.688	0.927	0.864	1.586
0.017	0.051	0.115	0.183	0.275	0.372	0.383	0.532	0.583	0.494	1.403
0.022	0.054	0.121	0.216	0.343	0.369	0.403	0.717	0.907	1.104	1.341
0.017	0.067	0.134	0.219	0.293	0.362	0.437	0.593	0.361	0.551	0.594
0.017	0.073	0.151	0.210	0.311	0.436	0.505	0.518	0.503	0.657	1.341
0.033	0.074	0.122	0.195	0.272	0.336	0.416	0.553	0.478	0.368	0.524
0.019	0.058	0.132	0.177	0.324	0.343	0.402	0.433	0.553	0.442	0.610
0.020	0.081	0.140	0.205	0.262	0.344	0.470	0.487	0.575	0.609	1.138
0.025	0.088	0.163	0.279	0.375	0.354	0.501	0.803	0.538	0.780	1.009
0.026	0.091	0.179	0.267	0.439	0.362	0.433	0.723	0.492	0.714	0.515
0.027	0.098	0.227	0.326	0.413	0.452	0.538	0.587	0.583	0.766	0.710
0.023	0.096	0.219	0.353	0.464	0.517	0.589	0.826	0.706	0.759	0.666
0.018	0.088	0.193	0.326	0.424	0.469	0.630	0.545	0.799	0.814	0.846
0.022	0.073	0.168	0.228	0.338	0.418	0.528	0.570	0.662	0.394	0.798
0.021	0.086	0.161	0.238	0.303	0.414	0.535	0.618	0.633	0.884	0.941
# Weights at Age Pointers
1
1
1
1
2
2
# Selectivity Block Assignment
# Fleet 1 Selectivity Block Assignment
1
1
1
1
1
1
1
1
1
1
1
1
1
1
1
1
1
1
1
1
1
1
1
1
1
1
1
1
1
1
1
1
1
1
1
1
1
1
1
1
# Selectivity Options for each block 1=by age, 2=logisitic, 3=double logistic
2  
# Selectivity Block #1 Data 
0               1               1               0.001           
0.05            1               1               0.001           
0.05            1               1               0.001           
0.25            1               1               0.001           
0.76            1               1               0.001           
1               1               1               0.001           
1               1               1               0.001           
1               1               1               0.001           
1               1               1               0.001           
1               1               1               0.001           
1               1               1               0.001           
5               1               1               0.1             
1.5             1               1               0.1             
0               -1              0               0               
0               -1              0               0               
0               -1              0               0               
0               -1              0               0               
# Fleet Start Age
1  
# Fleet End Age
11  
# Age Range for Average F
6  9
# Average F report option (1=unweighted, 2=Nweighted, 3=Bweighted)
1
# Use Likelihood constants? (1=yes)
1
# Release Mortality by Fleet
0  
# Catch Data
# Fleet-1 Catch Data
5.2000	98.8700	1071.6573	2671.5003	3938.6892	3933.3145	3632.0300	1185.4000	1138.6000	849.9000	1380.4000	19097
5.1020	981.9391	2192.0968	5056.2346	5338.2646	3648.9226	2401.2969	1581.9269	645.2400	439.8955	621.0348	15232
9.6032	603.2381	3348.5017	4574.7054	4503.8882	3599.2257	3297.6372	2037.9900	1256.3404	736.8410	717.5373	17608
14.5489	662.7905	1477.9175	5174.3104	4915.0974	3910.4588	2268.6850	1271.2812	700.7670	449.3000	910.7918	16658
2.5350	370.4668	990.5746	2422.0608	6031.2415	3244.4471	1935.6340	580.2750	273.8000	307.2000	768.9000	13108
64.7727	157.8268	1217.4245	1336.4092	2404.5717	2872.0480	2228.1623	1081.2893	438.0718	267.1169	181.9448	8323
59.3030	638.7079	737.9771	2283.9708	1700.0419	1476.4634	1307.0657	631.4997	254.9214	104.7931	99.8809	5879
38.4748	589.6149	1840.4946	1439.2392	2282.2961	1336.9125	895.0365	542.8549	187.1580	61.6175	59.9409	6297
313.5061	785.5375	1839.5305	1833.4106	1597.3727	1444.4166	552.7846	270.3125	177.0974	88.1552	55.3219	5247
27.0248	2618.0019	3216.2013	1990.5414	990.5813	598.3942	764.6100	475.6055	200.0212	102.8321	115.6724	3338
94.3889	1097.5083	5577.1727	3062.0688	1544.3108	578.2525	302.5324	349.4469	192.8772	96.0937	161.0888	3762
2.9522	429.6978	1735.0557	5367.0927	3643.8390	1164.3397	325.7311	167.0268	202.5207	97.9630	105.4959	5731
25.1258	346.9969	1068.3697	2233.2844	5694.3425	2648.9166	833.1270	201.4467	131.3485	117.5917	93.9443	7202
405.4265	243.4072	599.8694	1905.3359	2473.8032	2620.3675	1407.4070	270.6873	294.3543	151.5453	124.9624	6276
123.9447	880.7344	352.9148	1369.0551	2564.5140	1488.1620	1176.0086	682.3300	286.5634	163.2053	132.0997	5264
148.9960	2307.1873	1513.5824	2236.2914	3338.8684	1757.0264	777.2609	696.7250	139.0816	53.2795	51.1154	5418
264.7460	1003.0517	1653.1154	4137.1813	3105.3235	1722.7203	535.8507	272.0128	139.8236	41.5228	45.7196	5166
61.8044	710.1032	492.3824	2289.8186	3440.6869	1677.0676	636.2122	192.2708	90.6803	64.4281	65.4073	4409
6.1199	33.2283	298.1262	981.3387	2823.9879	2970.4362	1193.0519	344.8342	59.3144	50.1234	30.6124	4126
3.8986	57.0027	197.3264	680.4619	1455.0018	1992.9863	1129.1212	396.8086	135.1574	37.9606	31.5430	3397
0.6980	38.5283	376.2586	830.0754	1778.7262	2363.1853	1731.7195	554.6434	149.4357	56.1558	20.0996	4547
14.3577	177.9740	348.8343	1083.9990	2290.7039	2240.7219	1596.6746	881.2325	318.5311	62.1749	36.8663	4814
1.8959	16.9311	89.2080	742.3801	1345.1400	1677.3551	1168.0973	523.8883	274.4085	156.5633	181.3930	3622
39.6085	683.7906	119.5857	470.6891	1223.3657	1194.2577	705.4708	509.9779	262.6032	166.7141	118.6790	2732
10.3198	140.5461	116.4837	391.4280	829.7210	976.5088	497.9447	362.3641	225.8283	76.9386	81.2171	1956
39.0978	359.8298	105.8108	446.0072	823.6379	733.8541	448.6286	205.1090	106.3365	49.6283	51.0888	1567
58.1200	110.1191	120.5878	427.3921	744.3456	564.3166	410.0518	226.0551	106.0335	59.6126	43.2962	1352
136.2007	220.5991	214.8577	696.7781	830.4929	508.0116	229.8210	105.3291	64.1577	29.9976	25.7725	1247
21.4001	55.6427	200.3133	466.3889	842.9860	580.9949	339.6088	187.3584	103.9159	73.1881	66.4011	1333
48.6178	119.5429	206.8835	550.7104	1077.7238	924.0969	534.6710	360.0720	144.2556	52.6786	102.0190	1806
102.8186	247.7530	183.3193	314.5833	716.3683	1109.4899	699.9059	300.0941	184.4955	120.8665	99.9337	1738
43.5078	190.4889	162.4807	208.8876	381.1939	846.3418	887.2638	476.3211	131.0243	64.5363	57.4458	1622
7.0737	475.0723	387.2191	352.5342	524.0018	537.5226	763.5283	793.8769	369.1396	91.0462	100.0794	1765
17.1628	95.3321	166.9840	277.6070	423.1740	635.6262	393.2510	412.7150	349.2497	178.6310	76.6027	1465
9.1307	43.9811	154.3547	401.6994	459.0853	265.6745	553.2335	188.6716	176.3254	138.6454	141.0668	1331
1.7699	76.9969	175.0545	415.0547	448.1550	317.8485	250.8089	339.1412	111.7928	140.0404	137.5962	1317
0.6180	10.5196	255.9549	286.6273	372.5198	305.1735	193.4072	111.1800	162.4862	65.4736	176.6265	1117
0.8530	31.1025	37.5047	565.0303	441.0176	341.9056	244.3052	117.2795	98.7558	106.0373	140.0911	1235
3.5369	7.7752	65.7690	102.8497	722.1613	422.9009	242.8716	194.0263	82.8265	69.2144	207.2296	1196
3.7988	38.8910	18.6874	155.7280	207.1940	730.4821	358.2922	183.1132	82.3909	42.4843	107.7700	1048     
# Discards
# Fleet-1 Discards Data
0	0	0	0	0	0	0	0	0	0	0	0
0	0	0	0	0	0	0	0	0	0	0	0
0	0	0	0	0	0	0	0	0	0	0	0
0	0	0	0	0	0	0	0	0	0	0	0
0	0	0	0	0	0	0	0	0	0	0	0
0	0	0	0	0	0	0	0	0	0	0	0
0	0	0	0	0	0	0	0	0	0	0	0
0	0	0	0	0	0	0	0	0	0	0	0
0	0	0	0	0	0	0	0	0	0	0	0
0	0	0	0	0	0	0	0	0	0	0	0
0	0	0	0	0	0	0	0	0	0	0	0
0	0	0	0	0	0	0	0	0	0	0	0
0	0	0	0	0	0	0	0	0	0	0	0
0	0	0	0	0	0	0	0	0	0	0	0
0	0	0	0	0	0	0	0	0	0	0	0
0	0	0	0	0	0	0	0	0	0	0	0
0	0	0	0	0	0	0	0	0	0	0	0
0	0	0	0	0	0	0	0	0	0	0	0
0	0	0	0	0	0	0	0	0	0	0	0
0	0	0	0	0	0	0	0	0	0	0	0
0	0	0	0	0	0	0	0	0	0	0	0
0	0	0	0	0	0	0	0	0	0	0	0
0	0	0	0	0	0	0	0	0	0	0	0
0	0	0	0	0	0	0	0	0	0	0	0
0	0	0	0	0	0	0	0	0	0	0	0
0	0	0	0	0	0	0	0	0	0	0	0
0	0	0	0	0	0	0	0	0	0	0	0
0	0	0	0	0	0	0	0	0	0	0	0
0	0	0	0	0	0	0	0	0	0	0	0
0	0	0	0	0	0	0	0	0	0	0	0
0	0	0	0	0	0	0	0	0	0	0	0
0	0	0	0	0	0	0	0	0	0	0	0
0	0	0	0	0	0	0	0	0	0	0	0
0	0	0	0	0	0	0	0	0	0	0	0
0	0	0	0	0	0	0	0	0	0	0	0
0	0	0	0	0	0	0	0	0	0	0	0
0	0	0	0	0	0	0	0	0	0	0	0
0	0	0	0	0	0	0	0	0	0	0	0
0	0	0	0	0	0	0	0	0	0	0	0
0	0	0	0	0	0	0	0	0	0	0	0           
# Release Proportion
# Fleet-1 Release Data
0	0	0	0	0	0	0	0	0	0	0
0	0	0	0	0	0	0	0	0	0	0
0	0	0	0	0	0	0	0	0	0	0
0	0	0	0	0	0	0	0	0	0	0
0	0	0	0	0	0	0	0	0	0	0
0	0	0	0	0	0	0	0	0	0	0
0	0	0	0	0	0	0	0	0	0	0
0	0	0	0	0	0	0	0	0	0	0
0	0	0	0	0	0	0	0	0	0	0
0	0	0	0	0	0	0	0	0	0	0
0	0	0	0	0	0	0	0	0	0	0
0	0	0	0	0	0	0	0	0	0	0
0	0	0	0	0	0	0	0	0	0	0
0	0	0	0	0	0	0	0	0	0	0
0	0	0	0	0	0	0	0	0	0	0
0	0	0	0	0	0	0	0	0	0	0
0	0	0	0	0	0	0	0	0	0	0
0	0	0	0	0	0	0	0	0	0	0
0	0	0	0	0	0	0	0	0	0	0
0	0	0	0	0	0	0	0	0	0	0
0	0	0	0	0	0	0	0	0	0	0
0	0	0	0	0	0	0	0	0	0	0
0	0	0	0	0	0	0	0	0	0	0
0	0	0	0	0	0	0	0	0	0	0
0	0	0	0	0	0	0	0	0	0	0
0	0	0	0	0	0	0	0	0	0	0
0	0	0	0	0	0	0	0	0	0	0
0	0	0	0	0	0	0	0	0	0	0
0	0	0	0	0	0	0	0	0	0	0
0	0	0	0	0	0	0	0	0	0	0
0	0	0	0	0	0	0	0	0	0	0
0	0	0	0	0	0	0	0	0	0	0
0	0	0	0	0	0	0	0	0	0	0
0	0	0	0	0	0	0	0	0	0	0
0	0	0	0	0	0	0	0	0	0	0
0	0	0	0	0	0	0	0	0	0	0
0	0	0	0	0	0	0	0	0	0	0
0	0	0	0	0	0	0	0	0	0	0
0	0	0	0	0	0	0	0	0	0	0
0	0	0	0	0	0	0	0	0	0	0              
# Survey Index Data
# Aggregate Index Units (1=biomass, 2=abundance)
2  2  2  2  2  2  2  2  2  2  2  2    
# Age Proportion Index Units
2  2  2  2  2  2  2  2  2  2  2  2  
# Weight at Age Matrix
3  4  2  2  2  2  2  2  2  2  2  2  
# Index Month
4  10  4  10  4  10  4  10  4  10  4  10   
# Index Selectivity Link to Fleet
-1  -1  -1  -1 -1  -1  -1  -1  -1  -1  -1  -1   
# Index Selectivity Options 1=by age, 2=logisitic, 3=double logistic
1  1  1  1  1  1  1  1  1  1  1  1 
# Index Start Age
1  1  1  1  1  1  1  1  1  1  1  1 
# Index End Age
11  11  11  11  11  11  11  11  11  11  11  11
# Estimate Proportion (Yes=1)
1  1  0  0  0  0  0  0  0  0  0  0 
# Use Index (Yes=1)
1  1  0  0  0  0  0  0  0  0  0  0  
# Index-1 Selectivity Data NEFSC Spring
1               -1              0               0.001           
1               -1              0               0.001           
1               -1              0               0.001           
1               -1              0               0.001           
1               -1              0               0.001           
1               -1              0               0.001           
1               -1              0               0.001           
1               -1              0               0.001           
1               -1              0               0.001           
1               -1              0               0.001           
1               -1              0               0.001           
0               -1              0               0               
0               -1              0               0               
0               -1              0               0               
0               -1              0               0               
0               -1              0               0               
0               -1              0               0                 
# Index-2 Selectivity Data NEFSC Fall
1               -1              0               0.001           
1               -1              0               0.001           
1               -1              0               0.001           
1               -1              0               0.001           
1               -1              0               0.001           
1               -1              0               0.001           
1               -1              0               0.001           
1               -1              0               0.001           
1               -1              0               0.001           
1               -1              0               0.001           
1               -1              0               0.001           
0               -1              0               0               
0               -1              0               0               
0               -1              0               0               
0               -1              0               0               
0               -1              0               0               
0               -1              0               0                 
# Index-3 Selectivity Data MADMF Spring
1               -1              0               0.001           
1               -1              0               0.001           
1               -1              0               0.001           
1               -1              0               0.001           
1               -1              0               0.001           
1               -1              0               0.001           
1               -1              0               0.001           
1               -1              0               0.001           
1               -1              0               0.001           
0               -1              0               0.001           
0               -1              0               0.001           
0               -1              0               0               
0               -1              0               0               
0               -1              0               0               
0               -1              0               0               
0               -1              0               0               
0               -1              0               0                 
# Index-4 Selectivity Data MADMF Fall
1               -1              0               0.001           
1               -1              0               0.001           
1               -1              0               0.001           
1               -1              0               0.001           
1               -1              0               0.001           
1               -1              0               0.001           
1               -1              0               0.001           
1               -1              0               0.001           
1               -1              0               0.001           
0               -1              0               0.001           
0               -1              0               0.001           
0               -1              0               0               
0               -1              0               0               
0               -1              0               0               
0               -1              0               0               
0               -1              0               0               
0               -1              0               0        
# Index-5 Selectivity Data VAST NEFSC Spring
1               -1              0               0.001           
1               -1              0               0.001           
1               -1              0               0.001           
1               -1              0               0.001           
1               -1              0               0.001           
1               -1              0               0.001           
1               -1              0               0.001           
1               -1              0               0.001           
1               -1              0               0.001           
0               -1              0               0.001           
0               -1              0               0.001           
0               -1              0               0               
0               -1              0               0               
0               -1              0               0               
0               -1              0               0               
0               -1              0               0               
0               -1              0               0  
# Index-6 Selectivity Data VAST NEFSC Fall
1               -1              0               0.001           
1               -1              0               0.001           
1               -1              0               0.001           
1               -1              0               0.001           
1               -1              0               0.001           
1               -1              0               0.001           
1               -1              0               0.001           
1               -1              0               0.001           
1               -1              0               0.001           
0               -1              0               0.001           
0               -1              0               0.001           
0               -1              0               0               
0               -1              0               0               
0               -1              0               0               
0               -1              0               0               
0               -1              0               0               
0               -1              0               0   
# Index-7 Selectivity Data VAST MADMF Spring
1               -1              0               0.001           
1               -1              0               0.001           
1               -1              0               0.001           
1               -1              0               0.001           
1               -1              0               0.001           
1               -1              0               0.001           
1               -1              0               0.001           
1               -1              0               0.001           
1               -1              0               0.001           
0               -1              0               0.001           
0               -1              0               0.001           
0               -1              0               0               
0               -1              0               0               
0               -1              0               0               
0               -1              0               0               
0               -1              0               0               
0               -1              0               0  
# Index-8 Selectivity Data VAST MADMF Fall
1               -1              0               0.001           
1               -1              0               0.001           
1               -1              0               0.001           
1               -1              0               0.001           
1               -1              0               0.001           
1               -1              0               0.001           
1               -1              0               0.001           
1               -1              0               0.001           
1               -1              0               0.001           
0               -1              0               0.001           
0               -1              0               0.001           
0               -1              0               0               
0               -1              0               0               
0               -1              0               0               
0               -1              0               0               
0               -1              0               0               
0               -1              0               0     
# Index-9 Selectivity Data VAST MENH Spring
1               -1              0               0.001           
1               -1              0               0.001           
1               -1              0               0.001           
1               -1              0               0.001           
1               -1              0               0.001           
1               -1              0               0.001           
1               -1              0               0.001           
1               -1              0               0.001           
1               -1              0               0.001           
0               -1              0               0.001           
0               -1              0               0.001           
0               -1              0               0               
0               -1              0               0               
0               -1              0               0               
0               -1              0               0               
0               -1              0               0               
0               -1              0               0           
# Index-10 Selectivity Data VAST MENH Fall
1               -1              0               0.001           
1               -1              0               0.001           
1               -1              0               0.001           
1               -1              0               0.001           
1               -1              0               0.001           
1               -1              0               0.001           
1               -1              0               0.001           
1               -1              0               0.001           
1               -1              0               0.001           
0               -1              0               0.001           
0               -1              0               0.001           
0               -1              0               0               
0               -1              0               0               
0               -1              0               0               
0               -1              0               0               
0               -1              0               0               
0               -1              0               0   
# Index-11 Selectivity Data VAST All Spring
1               -1              0               0.001           
1               -1              0               0.001           
1               -1              0               0.001           
1               -1              0               0.001           
1               -1              0               0.001           
1               -1              0               0.001           
1               -1              0               0.001           
1               -1              0               0.001           
1               -1              0               0.001           
0               -1              0               0.001           
0               -1              0               0.001           
0               -1              0               0               
0               -1              0               0               
0               -1              0               0               
0               -1              0               0               
0               -1              0               0               
0               -1              0               0 
# Index-12 Selectivity Data VAST All Fall
1               -1              0               0.001           
1               -1              0               0.001           
1               -1              0               0.001           
1               -1              0               0.001           
1               -1              0               0.001           
1               -1              0               0.001           
1               -1              0               0.001           
1               -1              0               0.001           
1               -1              0               0.001           
0               -1              0               0.001           
0               -1              0               0.001           
0               -1              0               0               
0               -1              0               0               
0               -1              0               0               
0               -1              0               0               
0               -1              0               0               
0               -1              0               0 
# Index-1 NEFSC Spring - biomass
1980	4.7638	0.0907	0			0.14087389	0.257633948	0.19112888	0.187590506	0.101227728	0.067556507	0.015349745	0.018749606	0.01453126	0.00535793	50
1981	6.1351	0.1055	0.017557128	0.209019835	0.231708618	0.178833082	0.129896764	0.081095001	0.067430692	0.036264934	0.018517573	0.014982021	0.014694351	50
1982	3.7937	0.1323	0.001489132	0.082172217	0.161636129	0.282917654	0.18102097	0.112015814	0.079054619	0.042427198	0.030374808	0.016371743	0.010519716	50
1983	4.6658	0.1242	0			0.218031937	0.200730033	0.270385916	0.158220442	0.070016825	0.034161364	0.018768957	0.008482125	0.008557806	0.012644595	50
1984	1.5271	0.1032	0			0.106067991	0.186202835	0.222736688	0.249441534	0.149445595	0.051785062	0.016611835	0.001888632	0.004386499	0.011433329	50
1985	1.9303	0.0981	0.003990571	0.073723481	0.222098484	0.18774245	0.142212818	0.153516343	0.089927056	0.075728047	0.020324071	0.01353082	0.017205858	50
1986	0.9959	0.1335	0.002545701	0.213080569	0.118862559	0.313960731	0.163412322	0.087149628	0.051211916	0.034719025	0.010318213	0.003547732	0.001191605	50
1987	0.8624	0.1154	0.02638503	0.190080409	0.318661322	0.183760789	0.13723658	0.065753559	0.040130819	0.018196572	0.007057319	0.007598298	0.005139302	50
1988	0.9091	0.1216	0.123357973	0.295142555	0.218225977	0.197001056	0.064667371	0.048363252	0.020485744	0.005723337	0.017170011	0.007835269	0.002027455	50
1989	0.7463	0.136	0.002839117	0.332302839	0.267592008	0.18168244	0.103364879	0.058611987	0.030473186	0.00597266	0.014826498	0.001388013	0.000946372	50
1990	0.7924	0.1119	0.00091267	0.156639227	0.498657838	0.188869005	0.093128132	0.03265927	0.011900501	0.008643522	0.008589835	0			0			50
1991	1.0852	0.1271	0.005183031	0.13997277	0.301219173	0.367933286	0.142865984	0.022681561	0.01008757	0.003140762	0.002800384	0			0.004115481	50
1992	1.3903	0.1077	0.020259356	0.09234497	0.290496276	0.206923629	0.252714709	0.097101319	0.022256125	0.008592839	0.005362111	0.002826887	0.00112178	50
1993	1.3849	0.1183	0.061643836	0.163032464	0.217789454	0.293995121	0.118427472	0.086620379	0.031131544	0.015650216	0.002814787	0.001369863	0.007524864	50
1994	0.8496	0.1176	0.005921783	0.297178928	0.233951557	0.229510219	0.151910186	0.046983592	0.020232759	0.007258297	0.001398199	0			0.00565448	50
1995	1.9644	0.1113	0.003312178	0.209716408	0.350885133	0.239186562	0.115514776	0.045897322	0.022115474	0.002530422	0.003240174	0.00275672	0.004844832	50
1996	1.6783	0.1029	0.002892226	0.066043461	0.236594404	0.424653643	0.168433421	0.065578639	0.027773115	0.005732805	0.002298287	0			0			50
1997	1.6731	0.1988	0.001417223	0.105322045	0.203396362	0.321659891	0.285011002	0.068138589	0.010952399	0.001529109	0			0.000671316	0.001902062	50
1998	1.1627	0.0979	0.0117809	0.046212704	0.234990486	0.2277843	0.261204	0.162827416	0.037569329	0.012712036	0.000789442	0.001720578	0.002408809	50
1999	1.2291	0.1327	0.019097455	0.119862248	0.120689655	0.262355204	0.17883179	0.156849591	0.096023972	0.037725301	0.005165705	0.003399079	0			50
2000	2.4798	0.1385	0.004183258	0.214930206	0.254959961	0.214798932	0.153817879	0.079140594	0.054959961	0.013442436	0.006458671	0.001899094	0.001409005	50
2001	2.2274	0.1169	0			0.071630768	0.340588652	0.311401042	0.128654122	0.078108839	0.037053839	0.017265782	0.009045709	0.004563683	0.001687565	50
2002	1.9109	0.1045	0.00860245	0.045748819	0.167069973	0.363735414	0.228959471	0.075635682	0.049270882	0.029912202	0.021816523	0.00824771	0.001000874	50
2003	0.8749	0.1038	0.008449047	0.190209461	0.062320546	0.168604378	0.297034596	0.144198635	0.052012238	0.029748176	0.020993175	0.009602259	0.016827489	50
2004	1.5932	0.1895	0.042431028	0.101264127	0.296155944	0.232030929	0.145570771	0.118125532	0.033598408	0.009483344	0.01750256	0.001157906	0.002679451	50
2005	0.8262	0.3343	0.03845771	0.153870653	0.204152318	0.250253797	0.182793559	0.099289368	0.045265442	0.022652627	0			0.003264526	0			50
2006	1.0417	0.139	0.093294925	0.240720765	0.234113753	0.221230694	0.100122579	0.04607747	0.042559451	0.014550135	0.002267713	0.002194165	0.00286835	50
2007	1.4142	0.1211	0.022918519	0.36769315	0.289229553	0.165270182	0.10100493	0.030094027	0.012465088	0.006115796	0.000862139	0.003861663	0.000484953	50
2008	1.5981	0.1113	0.013297065	0.080940124	0.247383861	0.338923421	0.185113581	0.080175796	0.03022469	0.009677746	0.006687873	0.004226286	0.003349557	50
2009	1.0243	0.0799	0.051949357	0.256473932	0.090362311	0.241918351	0.188590951	0.096836243	0.046738631	0.016995866	0.005670073	0.001449816	0.003014469	50
2010	1.2035	0.1157	0.019613246	0.218576224	0.270139272	0.128600772	0.173388107	0.113834477	0.043948199	0.015567857	0.010345173	0.003719754	0.00226692	50
2011	1.0382	0.1095	0.062428542	0.109852934	0.186455544	0.16974424	0.142586415	0.105154349	0.112155241	0.061676769	0.028786669	0.015411361	0.005747937	50
2012	1.0832	0.0994	0.06027251	0.127599606	0.183952903	0.163156051	0.159470322	0.087456847	0.092793649	0.072914061	0.031837361	0.008522206	0.012024483	50
2013	0.8321	0.1089	0.059664241	0.102846648	0.270490452	0.143839326	0.086953451	0.159591251	0.045160227	0.058251513	0.040827859	0.020861294	0.011513739	50
2014	1.5772	0.2802	0.062042281	0.174990187	0.186541805	0.210800202	0.118319969	0.051410307	0.086110021	0.029316436	0.029215499	0.029495878	0.021757416	50
2015	1.3049	0.1175	0.009565371	0.307399571	0.293058862	0.163184343	0.094610479	0.039804285	0.024449734	0.036733374	0.011181639	0.00903641	0.010975932	50
2016	2.3044	0.0899	0.049755828	0.077254625	0.433919961	0.197456924	0.097085291	0.046172589	0.016892411	0.024222693	0.025615037	0.012664189	0.018960451	50
2017	1.9767	0.1039	0.007934606	0.059925305	0.084997534	0.471552392	0.191896272	0.074272426	0.04908745	0.016108801	0.009625819	0.016475231	0.018124163	50
2018	1.8543	0.1104	0.084421811	0.029860124	0.106593697	0.10712278	0.309430905	0.146572534	0.067441553	0.044690982	0.033530637	0.019162726	0.05117225	50
2019	0.8283	0.1271	0.042514852	0.269476589	0.072922826	0.187290593	0.089224878	0.183742996	0.070698539	0.034124504	0.013204944	0.008812681	0.027986598	50
# Index-2 NEFSC Fall - biomass
1980	5.147	0.1048	0.062806826	0.186047335	0.206201342	0.195284883	0.107967385	0.069423291	0.064251964	0.039670452	0.020947415	0.013495038	0.033904068	50
1981	5.6434	0.119	0.029278648	0.229622149	0.17017293	0.181620498	0.153926671	0.10446551	0.042311038	0.037844054	0.005167254	0.01157288	0.034018369	50
1982	2.4768	0.1449	0.036824671	0.153637908	0.279295791	0.211161743	0.094718434	0.080677978	0.049738528	0.0277278	0.031410267	0.012207631	0.02259925	50
1983	3.4333	0.1258	0.058546813	0.124575613	0.214497813	0.307176534	0.139220298	0.07062655	0.03518556	0.018220713	0.009993721	0.002990666	0.018965719	50
1984	2.0156	0.1181	0			0.320370397	0.229023194	0.176157128	0.15399735	0.074428898	0.017733646	0.01469068	0			0.0040767	0.009522007	50
1985	2.0061	0.111	0.144623941	0.133555997	0.379957517	0.137021717	0.108750943	0.056723218	0.026244445	0.007015288	0.004346125	0			0.001760809	50
1986	1.5752	0.1384	0.087303087	0.280531171	0.167837694	0.253543145	0.080139493	0.071945165	0.02678188	0.016594802	0.006098504	0.002284792	0.006940269	50
1987	1.1769	0.1035	0.125766567	0.332943021	0.242522873	0.082322821	0.130450315	0.044237601	0.020421934	0.008970568	0.007759938	0			0.004604362	50
1988	1.5218	0.1616	0.299296479	0.324686081	0.238749845	0.074569462	0.044686462	0.009738869	0.003341489	0			0.002656055	0			0.002275259	50
1989	1.1827	0.1457	0.049705294	0.501476234	0.304893744	0.104720705	0.01841778	0.007754285	0.001481642	0.002487428	0.002000757	0.001827719	0.005234413	50
1990	2.9438	0.1193	0.099319375	0.161447702	0.490871288	0.179938952	0.036268382	0.015438867	0.007204383	0.004335269	0.001339763	0.001289205	0.002546813	50
1991	1.5611	0.0848	0.063161134	0.335128412	0.259196574	0.198830634	0.089882166	0.03629906	0.005577567	0.008013745	0			0.001295021	0.002615686	50
1992	1.8136	0.1385	0.106061994	0.185723011	0.314948847	0.198091312	0.1182776	0.0455184	0.010276378	0.007405711	0.00464193	0.003359291	0.005695526	50
1993	2.4486	0.1299	0.167936923	0.215190461	0.273354019	0.181168223	0.080022284	0.061366925	0.008464937	0.003009927	0.002831962	0.003327169	0.003327169	50
1994	2.7239	0.1377	0.205058056	0.435724511	0.156502837	0.089465034	0.067727056	0.020720004	0.013170033	0.006919039	0.000673347	0.001617093	0.002422989	50
1995	2.56	0.1365	0.044820649	0.321262957	0.322891094	0.211061102	0.076215562	0.0179777	0.002250409	0.002224836	0			0			0.00129569	50
1996	2.218	0.1784	0.072625332	0.104523364	0.265428298	0.364240146	0.120151434	0.050001965	0.009313963	0.005501919	0.004231238	0			0.003982341	50
1997	1.95	0.1392	0.056878942	0.190939665	0.232521736	0.293755715	0.16507292	0.048525332	0.006509307	0.001549835	0.0018753	0			0.002371247	50
1998	2.2608	0.121	0.194502144	0.067855113	0.209032191	0.204133726	0.19132951	0.112199659	0.011677776	0.004753785	0.000992094	0.001136775	0.002387227	50
1999	2.5718	0.1703	0.185149323	0.201135049	0.187408663	0.190017662	0.140625981	0.075723751	0.017572644	0.002366928	0			0			0			50
2000	2.8402	0.1912	0.044525725	0.24909343	0.319527879	0.173199978	0.109931939	0.055514219	0.030294723	0.010361923	0.002678592	0.002435796	0.002435796	50
2001	2.6194	0.1732	0.039617223	0.122108935	0.317014879	0.248814663	0.137248477	0.050988744	0.03814278	0.024612597	0.015573202	0.002332126	0.003546373	50
2002	2.2727	0.1786	0.112160094	0.080817274	0.135872229	0.339420548	0.17799602	0.053084778	0.039973598	0.027952516	0.016421478	0.006130552	0.010170915	50
2003	2.2741	0.2907	0.086093617	0.249174796	0.130544582	0.183315694	0.183294737	0.092454234	0.035449697	0.013737674	0.005847157	0.00864499	0.011442823	50
2004	1.0376	0.1487	0.16591438	0.188935918	0.207537445	0.183563184	0.126227998	0.075749293	0.029550034	0.014212754	0.004669905	0			0.00363909	50
2005	1.0853	0.1723	0.139784488	0.292687082	0.137044451	0.197055525	0.108408933	0.062651731	0.021948692	0.01587234	0.011428653	0.005025768	0.008092338	50
2006	1.7446	0.1344	0.158603626	0.218378629	0.230656821	0.19043569	0.102191982	0.043058723	0.033525341	0.013631268	0.002481927	0.003146867	0.003889125	50
2007	1.5996	0.1604	0.091549353	0.312606756	0.267928988	0.202268293	0.071489286	0.037432506	0.012110517	0.003092391	0.00152191	0			0			50
2008	2.2048	0.1251	0.150530347	0.125563434	0.331410998	0.20405097	0.091102061	0.059479435	0.026622849	0.003017768	0.004373206	0.000971824	0.002877109	50
2009	1.3497	0.1237	0.21244053	0.268194495	0.140874042	0.169407251	0.136684292	0.04480004	0.011244179	0.006436062	0.003003496	0.003457806	0.003457806	50
2010	1.4493	0.1151	0.14605513	0.225729412	0.162873338	0.116763538	0.165750705	0.101096277	0.048756978	0.011725269	0.006617943	0.006287046	0.008344363	50
2011	2.1122	0.1524	0.247604904	0.132484979	0.13035924	0.173728197	0.071585957	0.097123943	0.078244664	0.036263747	0.016675888	0.003125516	0.012802966	50
2012	1.5052	0.1338	0.150190485	0.214671746	0.153255958	0.150828387	0.119464871	0.066146895	0.068468149	0.043395056	0.020412864	0.004731107	0.008434482	50
2013	1.4705	0.1733	0.205915046	0.247644733	0.188403156	0.105053119	0.061701624	0.098128542	0.030285912	0.019115476	0.031743718	0.005648997	0.006359677	50
2014	1.9728	0.1517	0.448077487	0.190974798	0.149247037	0.083231271	0.023071881	0.017646754	0.045039761	0.007408877	0.013843128	0.007986752	0.013472253	50
2015	3.3329	0.1527	0.06310349	0.426743029	0.189650958	0.125709347	0.087016116	0.030460442	0.015496499	0.024270573	0.008992335	0.006067643	0.022489567	50
2016	3.8451	0.1331	0.079022553	0.056350374	0.434732263	0.175208865	0.085721397	0.061642353	0.020421194	0.012445349	0.025507554	0.01282412	0.036123977	50
2017	2.3393	0.1869	0.025778977	0.214830226	0.103701055	0.391073257	0.12569283	0.044064821	0.021894251	0.017310599	0.00541261	0.015506396	0.034734977	50
2018	2.5039	0.1229	0.1511038	0.026488132	0.213165662	0.054375231	0.335060263	0.096759316	0.041769155	0.034666708	0.007932604	0.009823515	0.028855614	50
2019	1.4183	0.1445	0.116912645	0.293814328	0.059887533	0.182870135	0.076859051	0.17564303	0.027994884	0.025883595	0.010251934	0.003410544	0.02647232	50
# Index-3 MADMF Spring
1980	176.8148	0.1385	0	0	0	0	0	0	0	0	0	0	0	50
1981	123.187		0.2127	0	0	0	0	0	0	0	0	0	0	0	50
1982	100.74		0.1685	0	0	0	0	0	0	0	0	0	0	0	50
1983	51.0435		0.2476	0	0	0	0	0	0	0	0	0	0	0	50
1984	50.8628		0.146	0	0	0	0	0	0	0	0	0	0	0	50
1985	67.8774		0.2115	0	0	0	0	0	0	0	0	0	0	0	50
1986	115.6208	0.1887	0	0	0	0	0	0	0	0	0	0	0	50
1987	81.1845		0.2656	0	0	0	0	0	0	0	0	0	0	0	50
1988	159.6017	0.1749	0	0	0	0	0	0	0	0	0	0	0	50
1989	142.6139	0.1907	0	0	0	0	0	0	0	0	0	0	0	50
1990	91.9526		0.1663	0	0	0	0	0	0	0	0	0	0	0	50
1991	69.7775		0.1406	0	0	0	0	0	0	0	0	0	0	0	50
1992	69.3847		0.192	0	0	0	0	0	0	0	0	0	0	0	50
1993	56.7274		0.1771	0	0	0	0	0	0	0	0	0	0	0	50
1994	93.4733		0.1765	0	0	0	0	0	0	0	0	0	0	0	50
1995	83.6837		0.1097	0	0	0	0	0	0	0	0	0	0	0	50
1996	42.8457		0.1706	0	0	0	0	0	0	0	0	0	0	0	50
1997	42.2715		0.1976	0	0	0	0	0	0	0	0	0	0	0	50
1998	31.2437		0.1657	0	0	0	0	0	0	0	0	0	0	0	50
1999	37.6646		0.3081	0	0	0	0	0	0	0	0	0	0	0	50
2000	91.4824		0.1751	0	0	0	0	0	0	0	0	0	0	0	50
2001	43.5823		0.211	0	0	0	0	0	0	0	0	0	0	0	50
2002	41.2989		0.2066	0	0	0	0	0	0	0	0	0	0	0	50
2003	60.6828		0.1658	0	0	0	0	0	0	0	0	0	0	0	50
2004	65.6637		0.1464	0	0	0	0	0	0	0	0	0	0	0	50
2005	56.5827		0.1676	0	0	0	0	0	0	0	0	0	0	0	50
2006	88.9382		0.1302	0	0	0	0	0	0	0	0	0	0	0	50
2007	84.9151		0.2235	0	0	0	0	0	0	0	0	0	0	0	50
2008	70.6701		0.1049	0	0	0	0	0	0	0	0	0	0	0	50
2009	88.761		0.2215	0	0	0	0	0	0	0	0	0	0	0	50
2010	45.8745		0.1376	0	0	0	0	0	0	0	0	0	0	0	50
2011	38.5474		0.2715	0	0	0	0	0	0	0	0	0	0	0	50
2012	28.2761		0.3744	0	0	0	0	0	0	0	0	0	0	0	50
2013	26.8108		0.2667	0	0	0	0	0	0	0	0	0	0	0	50
2014	16.5427		0.2871	0	0	0	0	0	0	0	0	0	0	0	50
2015	38.3749		0.1096	0	0	0	0	0	0	0	0	0	0	0	50
2016	27.58		0.3192	0	0	0	0	0	0	0	0	0	0	0	50
2017	18.0574		0.1789	0	0	0	0	0	0	0	0	0	0	0	50
2018	11.2079		0.0915	0	0	0	0	0	0	0	0	0	0	0	50
2019	9.4412		0.3559	0	0	0	0	0	0	0	0	0	0	0	50
# Index-4 MADMF Fall
1980	74.8149		0.1485	0	0	0	0	0	0	0	0	0	0	0	50
1981	23.5323		0.2764	0	0	0	0	0	0	0	0	0	0	0	50
1982	46.7827		0.2294	0	0	0	0	0	0	0	0	0	0	0	50
1983	79.2667		0.1956	0	0	0	0	0	0	0	0	0	0	0	50
1984	23.0551		0.2938	0	0	0	0	0	0	0	0	0	0	0	50
1985	71.6644		0.1759	0	0	0	0	0	0	0	0	0	0	0	50
1986	73.8748		0.187	0	0	0	0	0	0	0	0	0	0	0	50
1987	71.0218		0.2927	0	0	0	0	0	0	0	0	0	0	0	50
1988	145.1485	0.1847	0	0	0	0	0	0	0	0	0	0	0	50
1989	170.6813	0.1505	0	0	0	0	0	0	0	0	0	0	0	50
1990	72.8607		0.1701	0	0	0	0	0	0	0	0	0	0	0	50
1991	131.8771	0.1838	0	0	0	0	0	0	0	0	0	0	0	50
1992	91.673		0.161	0	0	0	0	0	0	0	0	0	0	0	50
1993	117.7525	0.117	0	0	0	0	0	0	0	0	0	0	0	50
1994	125.6327	0.1239	0	0	0	0	0	0	0	0	0	0	0	50
1995	66.8632		0.1334	0	0	0	0	0	0	0	0	0	0	0	50
1996	66.1958		0.1026	0	0	0	0	0	0	0	0	0	0	0	50
1997	43.2498		0.1065	0	0	0	0	0	0	0	0	0	0	0	50
1998	44.3996		0.1444	0	0	0	0	0	0	0	0	0	0	0	50
1999	64.0404		0.1622	0	0	0	0	0	0	0	0	0	0	0	50
2000	58.1562		0.146	0	0	0	0	0	0	0	0	0	0	0	50
2001	66.3511		0.059	0	0	0	0	0	0	0	0	0	0	0	50
2002	66.8239		0.0983	0	0	0	0	0	0	0	0	0	0	0	50
2003	59.3716		0.1904	0	0	0	0	0	0	0	0	0	0	0	50
2004	81.9604		0.1604	0	0	0	0	0	0	0	0	0	0	0	50
2005	95.4013		0.1301	0	0	0	0	0	0	0	0	0	0	0	50
2006	73.0686		0.1877	0	0	0	0	0	0	0	0	0	0	0	50
2007	55.4117		0.121	0	0	0	0	0	0	0	0	0	0	0	50
2008	55.2947		0.1111	0	0	0	0	0	0	0	0	0	0	0	50
2009	51.3499		0.1213	0	0	0	0	0	0	0	0	0	0	0	50
2010	38.7587		0.1411	0	0	0	0	0	0	0	0	0	0	0	50
2011	60.8884		0.16	0	0	0	0	0	0	0	0	0	0	0	50
2012	15.2916		0.1619	0	0	0	0	0	0	0	0	0	0	0	50
2013	16.5756		0.2068	0	0	0	0	0	0	0	0	0	0	0	50
2014	18.3759		0.1306	0	0	0	0	0	0	0	0	0	0	0	50
2015	31.8064		0.0876	0	0	0	0	0	0	0	0	0	0	0	50
2016	17.9522		0.1329	0	0	0	0	0	0	0	0	0	0	0	50
2017	15.7109		0.1513	0	0	0	0	0	0	0	0	0	0	0	50
2018	11.508		0.1998	0	0	0	0	0	0	0	0	0	0	0	50
2019	1.0812		0.441	0	0	0	0	0	0	0	0	0	0	0	50
# Index-5 VAST NEFSC Spring
1980	1.624261	1.600079	0	0	0	0	0	0	0	0	0	0	0	50
1981	2.418923	1.871004	0	0	0	0	0	0	0	0	0	0	0	50
1982	1.690856	1.646705	0	0	0	0	0	0	0	0	0	0	0	50
1983	1.527177	1.327113	0	0	0	0	0	0	0	0	0	0	0	50
1984	0.959487	0.991291	0	0	0	0	0	0	0	0	0	0	0	50
1985	1.093316	1.590513	0	0	0	0	0	0	0	0	0	0	0	50
1986	1.042059	1.421661	0	0	0	0	0	0	0	0	0	0	0	50
1987	0.767504	1.228417	0	0	0	0	0	0	0	0	0	0	0	50
1988	0.687287	0.942532	0	0	0	0	0	0	0	0	0	0	0	50
1989	0.805628	1.304961	0	0	0	0	0	0	0	0	0	0	0	50
1990	0.898579	1.556235	0	0	0	0	0	0	0	0	0	0	0	50
1991	1.073016	1.236569	0	0	0	0	0	0	0	0	0	0	0	50
1992	1.059383	1.223824	0	0	0	0	0	0	0	0	0	0	0	50
1993	0.934029	0.950905	0	0	0	0	0	0	0	0	0	0	0	50
1994	0.788793	0.968371	0	0	0	0	0	0	0	0	0	0	0	50
1995	1.098643	1.143647	0	0	0	0	0	0	0	0	0	0	0	50
1996	0.975598	1.079366	0	0	0	0	0	0	0	0	0	0	0	50
1997	1.140711	1.121196	0	0	0	0	0	0	0	0	0	0	0	50
1998	1.004591	1.131597	0	0	0	0	0	0	0	0	0	0	0	50
1999	1.040635	1.029118	0	0	0	0	0	0	0	0	0	0	0	50
2000	1.184818	1.105557	0	0	0	0	0	0	0	0	0	0	0	50
2001	0.964289	1.008601	0	0	0	0	0	0	0	0	0	0	0	50
2002	1.096379	0.975166	0	0	0	0	0	0	0	0	0	0	0	50
2003	0.936009	0.956578	0	0	0	0	0	0	0	0	0	0	0	50
2004	0.752346	0.727725	0	0	0	0	0	0	0	0	0	0	0	50
2005	0.55937		0.622829	0	0	0	0	0	0	0	0	0	0	0	50
2006	0.659254	0.643345	0	0	0	0	0	0	0	0	0	0	0	50
2007	0.725428	0.739291	0	0	0	0	0	0	0	0	0	0	0	50
2008	0.727831	1.018336	0	0	0	0	0	0	0	0	0	0	0	50
2009	0.55798		0.388646	0	0	0	0	0	0	0	0	0	0	0	50
2010	0.58575		0.441252	0	0	0	0	0	0	0	0	0	0	0	50
2011	0.567933	0.429594	0	0	0	0	0	0	0	0	0	0	0	50
2012	0.543376	0.447061	0	0	0	0	0	0	0	0	0	0	0	50
2013	0.388871	0.334708	0	0	0	0	0	0	0	0	0	0	0	50
2014	0.427818	0.320441	0	0	0	0	0	0	0	0	0	0	0	50
2015	0.44909		0.357784	0	0	0	0	0	0	0	0	0	0	0	50
2016	0.527824	0.406572	0	0	0	0	0	0	0	0	0	0	0	50
2017	0.5907		0.489465	0	0	0	0	0	0	0	0	0	0	0	50
2018	0.445133	0.552009	0	0	0	0	0	0	0	0	0	0	0	50
2019	0.396822	0.330425	0	0	0	0	0	0	0	0	0	0	0	50
# Index-6 VAST NEFSC Fall
1980	1.349011	1.145832	0	0	0	0	0	0	0	0	0	0	0	50
1981	1.43331		1.257948	0	0	0	0	0	0	0	0	0	0	0	50
1982	0.954704	1.274154	0	0	0	0	0	0	0	0	0	0	0	50
1983	1.097789	1.126495	0	0	0	0	0	0	0	0	0	0	0	50
1984	0.920103	1.013718	0	0	0	0	0	0	0	0	0	0	0	50
1985	1.037945	1.226113	0	0	0	0	0	0	0	0	0	0	0	50
1986	0.823297	1.028957	0	0	0	0	0	0	0	0	0	0	0	50
1987	0.800822	0.91667	0	0	0	0	0	0	0	0	0	0	0	50
1988	0.779186	0.805012	0	0	0	0	0	0	0	0	0	0	0	50
1989	0.827311	0.886011	0	0	0	0	0	0	0	0	0	0	0	50
1990	1.19694		1.378484	0	0	0	0	0	0	0	0	0	0	0	50
1991	1.1004		1.287161	0	0	0	0	0	0	0	0	0	0	0	50
1992	0.827903	1.128918	0	0	0	0	0	0	0	0	0	0	0	50
1993	1.111615	1.351101	0	0	0	0	0	0	0	0	0	0	0	50
1994	0.891352	0.908294	0	0	0	0	0	0	0	0	0	0	0	50
1995	0.935462	0.929544	0	0	0	0	0	0	0	0	0	0	0	50
1996	0.965012	0.898966	0	0	0	0	0	0	0	0	0	0	0	50
1997	0.886367	1.052922	0	0	0	0	0	0	0	0	0	0	0	50
1998	0.999327	1.106287	0	0	0	0	0	0	0	0	0	0	0	50
1999	0.961153	0.918963	0	0	0	0	0	0	0	0	0	0	0	50
2000	1.028852	1.333292	0	0	0	0	0	0	0	0	0	0	0	50
2001	1.043338	1.153067	0	0	0	0	0	0	0	0	0	0	0	50
2002	0.88284		1.229494	0	0	0	0	0	0	0	0	0	0	0	50
2003	0.999823	1.210467	0	0	0	0	0	0	0	0	0	0	0	50
2004	0.727202	0.790938	0	0	0	0	0	0	0	0	0	0	0	50
2005	0.676107	0.678622	0	0	0	0	0	0	0	0	0	0	0	50
2006	0.702584	0.722012	0	0	0	0	0	0	0	0	0	0	0	50
2007	0.678854	0.656515	0	0	0	0	0	0	0	0	0	0	0	50
2008	0.767731	0.676461	0	0	0	0	0	0	0	0	0	0	0	50
2009	0.900728	0.798118	0	0	0	0	0	0	0	0	0	0	0	50
2010	0.839195	0.724847	0	0	0	0	0	0	0	0	0	0	0	50
2011	0.959889	0.81618	0	0	0	0	0	0	0	0	0	0	0	50
2012	0.812324	0.65177	0	0	0	0	0	0	0	0	0	0	0	50
2013	0.699995	0.590815	0	0	0	0	0	0	0	0	0	0	0	50
2014	0.783307	0.752905	0	0	0	0	0	0	0	0	0	0	0	50
2015	1.115086	0.873041	0	0	0	0	0	0	0	0	0	0	0	50
2016	1.195558	0.937184	0	0	0	0	0	0	0	0	0	0	0	50
2017	0.843828	0.935084	0	0	0	0	0	0	0	0	0	0	0	50
2018	0.592853	0.709316	0	0	0	0	0	0	0	0	0	0	0	50
2019	0.652559	0.652077	0	0	0	0	0	0	0	0	0	0	0	50
# Index-7 VAST MADMF Spring
1980	-999	-999	-999	-999	-999	-999	-999	-999	-999	-999	-999	-999	-999	0
1981	2.327943	4.302472	0	0	0	0	0	0	0	0	0	0	0	50
1982	1.340192	1.064761	0	0	0	0	0	0	0	0	0	0	0	50
1983	1.647719	1.49189	0	0	0	0	0	0	0	0	0	0	0	50
1984	0.777865	0.620473	0	0	0	0	0	0	0	0	0	0	0	50
1985	1.013616	1.226475	0	0	0	0	0	0	0	0	0	0	0	50
1986	1.285097	1.495114	0	0	0	0	0	0	0	0	0	0	0	50
1987	0.625166	0.938826	0	0	0	0	0	0	0	0	0	0	0	50
1988	0.703186	0.893353	0	0	0	0	0	0	0	0	0	0	0	50
1989	1.002461	1.043385	0	0	0	0	0	0	0	0	0	0	0	50
1990	1.489129	1.608023	0	0	0	0	0	0	0	0	0	0	0	50
1991	1.142058	0.930206	0	0	0	0	0	0	0	0	0	0	0	50
1992	1.207099	1.124156	0	0	0	0	0	0	0	0	0	0	0	50
1993	0.81407		0.718873	0	0	0	0	0	0	0	0	0	0	0	50
1994	0.818204	0.881112	0	0	0	0	0	0	0	0	0	0	0	50
1995	1.163848	1.242536	0	0	0	0	0	0	0	0	0	0	0	50
1996	1.037891	1.028076	0	0	0	0	0	0	0	0	0	0	0	50
1997	0.981061	1.008685	0	0	0	0	0	0	0	0	0	0	0	50
1998	0.824507	0.912873	0	0	0	0	0	0	0	0	0	0	0	50
1999	0.971848	0.810481	0	0	0	0	0	0	0	0	0	0	0	50
2000	1.313073	1.251825	0	0	0	0	0	0	0	0	0	0	0	50
2001	1.146519	1.045525	0	0	0	0	0	0	0	0	0	0	0	50
2002	0.971602	0.799269	0	0	0	0	0	0	0	0	0	0	0	50
2003	0.994313	0.865554	0	0	0	0	0	0	0	0	0	0	0	50
2004	1.180381	0.856487	0	0	0	0	0	0	0	0	0	0	0	50
2005	0.829412	0.917812	0	0	0	0	0	0	0	0	0	0	0	50
2006	0.979842	0.672077	0	0	0	0	0	0	0	0	0	0	0	50
2007	1.182247	1.049126	0	0	0	0	0	0	0	0	0	0	0	50
2008	1.278099	1.087455	0	0	0	0	0	0	0	0	0	0	0	50
2009	0.980138	0.633483	0	0	0	0	0	0	0	0	0	0	0	50
2010	0.823838	0.525963	0	0	0	0	0	0	0	0	0	0	0	50
2011	0.922947	0.760455	0	0	0	0	0	0	0	0	0	0	0	50
2012	0.796677	0.741679	0	0	0	0	0	0	0	0	0	0	0	50
2013	0.564575	0.499164	0	0	0	0	0	0	0	0	0	0	0	50
2014	0.955047	1.044974	0	0	0	0	0	0	0	0	0	0	0	50
2015	0.641366	0.5846		0	0	0	0	0	0	0	0	0	0	0	50
2016	0.880293	0.829365	0	0	0	0	0	0	0	0	0	0	0	50
2017	0.632193	0.561097	0	0	0	0	0	0	0	0	0	0	0	50
2018	0.445277	0.522851	0	0	0	0	0	0	0	0	0	0	0	50
2019	0.309202	0.409472	0	0	0	0	0	0	0	0	0	0	0	50
# Index-8 VAST MADMF Fall
1980	-999	-999	-999	-999	-999	-999	-999	-999	-999	-999	-999	-999	-999	0
1981	1.248376	2.306377	0	0	0	0	0	0	0	0	0	0	0	50
1982	0.85485		1.044241	0	0	0	0	0	0	0	0	0	0	0	50
1983	0.687318	0.487941	0	0	0	0	0	0	0	0	0	0	0	50
1984	0.656948	1.291882	0	0	0	0	0	0	0	0	0	0	0	50
1985	0.890176	0.753947	0	0	0	0	0	0	0	0	0	0	0	50
1986	0.906877	0.581808	0	0	0	0	0	0	0	0	0	0	0	50
1987	0.790668	0.647817	0	0	0	0	0	0	0	0	0	0	0	50
1988	1.291147	0.976832	0	0	0	0	0	0	0	0	0	0	0	50
1989	1.614406	1.267994	0	0	0	0	0	0	0	0	0	0	0	50
1990	1.371869	1.162966	0	0	0	0	0	0	0	0	0	0	0	50
1991	2.663834	3.161296	0	0	0	0	0	0	0	0	0	0	0	50
1992	0.99557		1.493309	0	0	0	0	0	0	0	0	0	0	0	50
1993	1.181864	0.910062	0	0	0	0	0	0	0	0	0	0	0	50
1994	1.224372	0.896434	0	0	0	0	0	0	0	0	0	0	0	50
1995	1.316591	1.334134	0	0	0	0	0	0	0	0	0	0	0	50
1996	0.891975	0.575474	0	0	0	0	0	0	0	0	0	0	0	50
1997	0.741817	0.726483	0	0	0	0	0	0	0	0	0	0	0	50
1998	0.87901		0.916169	0	0	0	0	0	0	0	0	0	0	0	50
1999	1.133941	0.764463	0	0	0	0	0	0	0	0	0	0	0	50
2000	1.120819	0.834185	0	0	0	0	0	0	0	0	0	0	0	50
2001	1.598404	1.392041	0	0	0	0	0	0	0	0	0	0	0	50
2002	1.051431	0.745894	0	0	0	0	0	0	0	0	0	0	0	50
2003	0.751734	1.079332	0	0	0	0	0	0	0	0	0	0	0	50
2004	0.87468		0.673456	0	0	0	0	0	0	0	0	0	0	0	50
2005	1.085783	0.79024		0	0	0	0	0	0	0	0	0	0	0	50
2006	0.942384	0.685649	0	0	0	0	0	0	0	0	0	0	0	50
2007	1.062805	0.797368	0	0	0	0	0	0	0	0	0	0	0	50
2008	1.072403	0.805439	0	0	0	0	0	0	0	0	0	0	0	50
2009	0.724269	0.7995		0	0	0	0	0	0	0	0	0	0	0	50
2010	0.658924	0.926774	0	0	0	0	0	0	0	0	0	0	0	50
2011	1.312462	0.831557	0	0	0	0	0	0	0	0	0	0	0	50
2012	0.841484	0.865414	0	0	0	0	0	0	0	0	0	0	0	50
2013	0.471284	0.850335	0	0	0	0	0	0	0	0	0	0	0	50
2014	0.819252	1.066174	0	0	0	0	0	0	0	0	0	0	0	50
2015	0.917519	1.096048	0	0	0	0	0	0	0	0	0	0	0	50
2016	1.034839	1.391857	0	0	0	0	0	0	0	0	0	0	0	50
2017	0.621334	0.676274	0	0	0	0	0	0	0	0	0	0	0	50
2018	0.272298	0.563985	0	0	0	0	0	0	0	0	0	0	0	50
2019	0.424283	0.828847	0	0	0	0	0	0	0	0	0	0	0	50
# Index-9 VAST MENH Spring
1980	-999	-999	-999	-999	-999	-999	-999	-999	-999	-999	-999	-999	-999	0
1981	-999	-999	-999	-999	-999	-999	-999	-999	-999	-999	-999	-999	-999	0
1982	-999	-999	-999	-999	-999	-999	-999	-999	-999	-999	-999	-999	-999	0
1983	-999	-999	-999	-999	-999	-999	-999	-999	-999	-999	-999	-999	-999	0
1984	-999	-999	-999	-999	-999	-999	-999	-999	-999	-999	-999	-999	-999	0
1985	-999	-999	-999	-999	-999	-999	-999	-999	-999	-999	-999	-999	-999	0
1986	-999	-999	-999	-999	-999	-999	-999	-999	-999	-999	-999	-999	-999	0
1987	-999	-999	-999	-999	-999	-999	-999	-999	-999	-999	-999	-999	-999	0
1988	-999	-999	-999	-999	-999	-999	-999	-999	-999	-999	-999	-999	-999	0
1989	-999	-999	-999	-999	-999	-999	-999	-999	-999	-999	-999	-999	-999	0
1990	-999	-999	-999	-999	-999	-999	-999	-999	-999	-999	-999	-999	-999	0
1991	-999	-999	-999	-999	-999	-999	-999	-999	-999	-999	-999	-999	-999	0
1992	-999	-999	-999	-999	-999	-999	-999	-999	-999	-999	-999	-999	-999	0
1993	-999	-999	-999	-999	-999	-999	-999	-999	-999	-999	-999	-999	-999	0
1994	-999	-999	-999	-999	-999	-999	-999	-999	-999	-999	-999	-999	-999	0
1995	-999	-999	-999	-999	-999	-999	-999	-999	-999	-999	-999	-999	-999	0
1996	-999	-999	-999	-999	-999	-999	-999	-999	-999	-999	-999	-999	-999	0
1997	-999	-999	-999	-999	-999	-999	-999	-999	-999	-999	-999	-999	-999	0
1998	-999	-999	-999	-999	-999	-999	-999	-999	-999	-999	-999	-999	-999	0
1999	-999	-999	-999	-999	-999	-999	-999	-999	-999	-999	-999	-999	-999	0
2000	1.223384	1.579235	0	0	0	0	0	0	0	0	0	0	0	50
2001	1.275947	1.724331	0	0	0	0	0	0	0	0	0	0	0	50
2002	1.012194	1.552743	0	0	0	0	0	0	0	0	0	0	0	50
2003	1.06674		1.480871	0	0	0	0	0	0	0	0	0	0	0	50
2004	0.856461	0.885575	0	0	0	0	0	0	0	0	0	0	0	50
2005	0.701249	0.601323	0	0	0	0	0	0	0	0	0	0	0	50
2006	0.68627		0.649802	0	0	0	0	0	0	0	0	0	0	0	50
2007	0.684737	0.693931	0	0	0	0	0	0	0	0	0	0	0	50
2008	0.802997	0.81327		0	0	0	0	0	0	0	0	0	0	0	50
2009	0.902161	0.83649		0	0	0	0	0	0	0	0	0	0	0	50
2010	0.980254	0.786827	0	0	0	0	0	0	0	0	0	0	0	50
2011	1.172387	0.989934	0	0	0	0	0	0	0	0	0	0	0	50
2012	0.997499	0.693486	0	0	0	0	0	0	0	0	0	0	0	50
2013	0.850128	0.724433	0	0	0	0	0	0	0	0	0	0	0	50
2014	0.862691	0.874967	0	0	0	0	0	0	0	0	0	0	0	50
2015	1.248387	1.019044	0	0	0	0	0	0	0	0	0	0	0	50
2016	1.619197	1.219892	0	0	0	0	0	0	0	0	0	0	0	50
2017	1.237792	1.199774	0	0	0	0	0	0	0	0	0	0	0	50
2018	0.900691	0.793266	0	0	0	0	0	0	0	0	0	0	0	50
2019	0.918835	0.880808	0	0	0	0	0	0	0	0	0	0	0	50
# Index-10 VAST MENH Fall 
1980	-999	-999	-999	-999	-999	-999	-999	-999	-999	-999	-999	-999	-999	0
1981	-999	-999	-999	-999	-999	-999	-999	-999	-999	-999	-999	-999	-999	0
1982	-999	-999	-999	-999	-999	-999	-999	-999	-999	-999	-999	-999	-999	0
1983	-999	-999	-999	-999	-999	-999	-999	-999	-999	-999	-999	-999	-999	0
1984	-999	-999	-999	-999	-999	-999	-999	-999	-999	-999	-999	-999	-999	0
1985	-999	-999	-999	-999	-999	-999	-999	-999	-999	-999	-999	-999	-999	0
1986	-999	-999	-999	-999	-999	-999	-999	-999	-999	-999	-999	-999	-999	0
1987	-999	-999	-999	-999	-999	-999	-999	-999	-999	-999	-999	-999	-999	0
1988	-999	-999	-999	-999	-999	-999	-999	-999	-999	-999	-999	-999	-999	0
1989	-999	-999	-999	-999	-999	-999	-999	-999	-999	-999	-999	-999	-999	0
1990	-999	-999	-999	-999	-999	-999	-999	-999	-999	-999	-999	-999	-999	0
1991	-999	-999	-999	-999	-999	-999	-999	-999	-999	-999	-999	-999	-999	0
1992	-999	-999	-999	-999	-999	-999	-999	-999	-999	-999	-999	-999	-999	0
1993	-999	-999	-999	-999	-999	-999	-999	-999	-999	-999	-999	-999	-999	0
1994	-999	-999	-999	-999	-999	-999	-999	-999	-999	-999	-999	-999	-999	0
1995	-999	-999	-999	-999	-999	-999	-999	-999	-999	-999	-999	-999	-999	0
1996	-999	-999	-999	-999	-999	-999	-999	-999	-999	-999	-999	-999	-999	0
1997	-999	-999	-999	-999	-999	-999	-999	-999	-999	-999	-999	-999	-999	0
1998	-999	-999	-999	-999	-999	-999	-999	-999	-999	-999	-999	-999	-999	0
1999	-999	-999	-999	-999	-999	-999	-999	-999	-999	-999	-999	-999	-999	0
2000	1.223384	1.579235	0	0	0	0	0	0	0	0	0	0	0	50
2001	1.275947	1.724331	0	0	0	0	0	0	0	0	0	0	0	50
2002	1.012194	1.552743	0	0	0	0	0	0	0	0	0	0	0	50
2003	1.06674		1.480871	0	0	0	0	0	0	0	0	0	0	0	50
2004	0.856461	0.885575	0	0	0	0	0	0	0	0	0	0	0	50
2005	0.701249	0.601323	0	0	0	0	0	0	0	0	0	0	0	50
2006	0.68627		0.649802	0	0	0	0	0	0	0	0	0	0	0	50
2007	0.684737	0.693931	0	0	0	0	0	0	0	0	0	0	0	50
2008	0.802997	0.81327		0	0	0	0	0	0	0	0	0	0	0	50
2009	0.902161	0.83649		0	0	0	0	0	0	0	0	0	0	0	50
2010	0.980254	0.786827	0	0	0	0	0	0	0	0	0	0	0	50
2011	1.172387	0.989934	0	0	0	0	0	0	0	0	0	0	0	50
2012	0.997499	0.693486	0	0	0	0	0	0	0	0	0	0	0	50
2013	0.850128	0.724433	0	0	0	0	0	0	0	0	0	0	0	50
2014	0.862691	0.874967	0	0	0	0	0	0	0	0	0	0	0	50
2015	1.248387	1.019044	0	0	0	0	0	0	0	0	0	0	0	50
2016	1.619197	1.219892	0	0	0	0	0	0	0	0	0	0	0	50
2017	1.237792	1.199774	0	0	0	0	0	0	0	0	0	0	0	50
2018	0.900691	0.793266	0	0	0	0	0	0	0	0	0	0	0	50
2019	0.918835	0.880808	0	0	0	0	0	0	0	0	0	0	0	50
# Index-11 VAST All Spring
1980	1.627629	1.596328	0	0	0	0	0	0	0	0	0	0	0	50
1981	2.430886	1.936056	0	0	0	0	0	0	0	0	0	0	0	50
1982	1.697809	1.63134		0	0	0	0	0	0	0	0	0	0	0	50
1983	1.526297	1.319045	0	0	0	0	0	0	0	0	0	0	0	50
1984	0.952024	0.982043	0	0	0	0	0	0	0	0	0	0	0	50
1985	1.089008	1.581545	0	0	0	0	0	0	0	0	0	0	0	50
1986	1.060442	1.437492	0	0	0	0	0	0	0	0	0	0	0	50
1987	0.756825	1.216506	0	0	0	0	0	0	0	0	0	0	0	50
1988	0.695974	0.948184	0	0	0	0	0	0	0	0	0	0	0	50
1989	0.808691	1.293144	0	0	0	0	0	0	0	0	0	0	0	50
1990	0.916017	1.549776	0	0	0	0	0	0	0	0	0	0	0	50
1991	1.061266	1.232062	0	0	0	0	0	0	0	0	0	0	0	50
1992	1.089457	1.228279	0	0	0	0	0	0	0	0	0	0	0	50
1993	0.944089	0.953172	0	0	0	0	0	0	0	0	0	0	0	50
1994	0.804722	0.973875	0	0	0	0	0	0	0	0	0	0	0	50
1995	1.125545	1.143648	0	0	0	0	0	0	0	0	0	0	0	50
1996	0.990038	1.070003	0	0	0	0	0	0	0	0	0	0	0	50
1997	1.144621	1.118233	0	0	0	0	0	0	0	0	0	0	0	50
1998	1.026837	1.129838	0	0	0	0	0	0	0	0	0	0	0	50
1999	1.051903	1.021364	0	0	0	0	0	0	0	0	0	0	0	50
2000	1.195404	1.099998	0	0	0	0	0	0	0	0	0	0	0	50
2001	0.960971	0.997524	0	0	0	0	0	0	0	0	0	0	0	50
2002	1.060254	0.950209	0	0	0	0	0	0	0	0	0	0	0	50
2003	0.916134	0.932417	0	0	0	0	0	0	0	0	0	0	0	50
2004	0.745886	0.71006		0	0	0	0	0	0	0	0	0	0	0	50
2005	0.551856	0.607379	0	0	0	0	0	0	0	0	0	0	0	50
2006	0.65569		0.627341	0	0	0	0	0	0	0	0	0	0	0	50
2007	0.713987	0.720675	0	0	0	0	0	0	0	0	0	0	0	50
2008	0.732575	0.9937		0	0	0	0	0	0	0	0	0	0	0	50
2009	0.558455	0.379837	0	0	0	0	0	0	0	0	0	0	0	50
2010	0.569205	0.430607	0	0	0	0	0	0	0	0	0	0	0	50
2011	0.559071	0.419747	0	0	0	0	0	0	0	0	0	0	0	50
2012	0.531487	0.43648		0	0	0	0	0	0	0	0	0	0	0	50
2013	0.38351		0.326841	0	0	0	0	0	0	0	0	0	0	0	50
2014	0.419129	0.312861	0	0	0	0	0	0	0	0	0	0	0	50
2015	0.44571		0.349507	0	0	0	0	0	0	0	0	0	0	0	50
2016	0.514957	0.396574	0	0	0	0	0	0	0	0	0	0	0	50
2017	0.576292	0.477325	0	0	0	0	0	0	0	0	0	0	0	50
2018	0.433346	0.537888	0	0	0	0	0	0	0	0	0	0	0	50
2019	0.381652	0.321897	0	0	0	0	0	0	0	0	0	0	0	50
# Index-12 VAST All Fall
1980	1.360041	1.152956	0	0	0	0	0	0	0	0	0	0	0	50
1981	1.434715	1.263871	0	0	0	0	0	0	0	0	0	0	0	50
1982	0.956028	1.254655	0	0	0	0	0	0	0	0	0	0	0	50
1983	1.084908	1.118726	0	0	0	0	0	0	0	0	0	0	0	50
1984	0.911677	1.01121		0	0	0	0	0	0	0	0	0	0	0	50
1985	1.037637	1.231843	0	0	0	0	0	0	0	0	0	0	0	50
1986	0.818559	1.022694	0	0	0	0	0	0	0	0	0	0	0	50
1987	0.798126	0.910934	0	0	0	0	0	0	0	0	0	0	0	50
1988	0.787716	0.803557	0	0	0	0	0	0	0	0	0	0	0	50
1989	0.850703	0.899106	0	0	0	0	0	0	0	0	0	0	0	50
1990	1.211198	1.3761		0	0	0	0	0	0	0	0	0	0	0	50
1991	1.140852	1.291511	0	0	0	0	0	0	0	0	0	0	0	50
1992	0.835903	1.127863	0	0	0	0	0	0	0	0	0	0	0	50
1993	1.125922	1.35956		0	0	0	0	0	0	0	0	0	0	0	50
1994	0.898417	0.906402	0	0	0	0	0	0	0	0	0	0	0	50
1995	0.943244	0.929949	0	0	0	0	0	0	0	0	0	0	0	50
1996	0.964501	0.898006	0	0	0	0	0	0	0	0	0	0	0	50
1997	0.895603	1.061348	0	0	0	0	0	0	0	0	0	0	0	50
1998	1.008673	1.10914		0	0	0	0	0	0	0	0	0	0	0	50
1999	0.971072	0.912435	0	0	0	0	0	0	0	0	0	0	0	50
2000	1.019415	1.318181	0	0	0	0	0	0	0	0	0	0	0	50
2001	1.063516	1.160033	0	0	0	0	0	0	0	0	0	0	0	50
2002	0.877401	1.209141	0	0	0	0	0	0	0	0	0	0	0	50
2003	0.984277	1.193405	0	0	0	0	0	0	0	0	0	0	0	50
2004	0.732917	0.778956	0	0	0	0	0	0	0	0	0	0	0	50
2005	0.688384	0.679094	0	0	0	0	0	0	0	0	0	0	0	50
2006	0.70347		0.709435	0	0	0	0	0	0	0	0	0	0	0	50
2007	0.683802	0.646665	0	0	0	0	0	0	0	0	0	0	0	50
2008	0.762378	0.664817	0	0	0	0	0	0	0	0	0	0	0	50
2009	0.892267	0.786055	0	0	0	0	0	0	0	0	0	0	0	50
2010	0.826834	0.712099	0	0	0	0	0	0	0	0	0	0	0	50
2011	0.966596	0.815605	0	0	0	0	0	0	0	0	0	0	0	50
2012	0.793651	0.64102		0	0	0	0	0	0	0	0	0	0	0	50
2013	0.691119	0.581194	0	0	0	0	0	0	0	0	0	0	0	50
2014	0.776888	0.739657	0	0	0	0	0	0	0	0	0	0	0	50
2015	1.098362	0.858995	0	0	0	0	0	0	0	0	0	0	0	50
2016	1.164095	0.92001		0	0	0	0	0	0	0	0	0	0	0	50
2017	0.821694	0.918961	0	0	0	0	0	0	0	0	0	0	0	50
2018	0.578201	0.696868	0	0	0	0	0	0	0	0	0	0	0	50
2019	0.633516	0.640899	0	0	0	0	0	0	0	0	0	0	0	50
# Phase Control
# Phase for F mult in 1st Year
1
# Phase for F mult Deviations
3
# Phase for Recruitment Deviations
3
# Phase for N in 1st Year
2
# Phase for Catchability in 1st Year
1
# Phase for Catchability Deviations
-5
# Phase for Stock Recruitment Relationship
1
# Phase for Steepness
1
# Recruitment CV by Year
0.5
0.5
0.5
0.5
0.5
0.5
0.5
0.5
0.5
0.5
0.5
0.5
0.5
0.5
0.5
0.5
0.5
0.5
0.5
0.5
0.5
0.5
0.5
0.5
0.5
0.5
0.5
0.5
0.5
0.5
0.5
0.5
0.5
0.5
0.5
0.5
0.5
0.5
0.5
0.5
# Lambdas by Index
1  1  1  1  1  1  1  1  1  1  1  1  
# Lambda for Total Catch in Weight by Fleet
1  
# Lambda for Total Discards at Age by Fleet
0  
# Catch Total CV by Year and Fleet
0.1          
0.1          
0.1          
0.1          
0.1          
0.1          
0.1          
0.1          
0.1          
0.1          
0.1          
0.1          
0.1          
0.1          
0.1          
0.1          
0.1          
0.1          
0.1          
0.1          
0.1          
0.1          
0.1          
0.1          
0.1          
0.1          
0.1          
0.1          
0.1          
0.1          
0.1          
0.1          
0.1          
0.1          
0.1          
0.1          
0.1          
0.1          
0.1     
0.1     
# Discard Total CV by Year and Fleet
0.1          
0.1          
0.1          
0.1          
0.1          
0.1          
0.1          
0.1          
0.1          
0.1          
0.1          
0.1          
0.1          
0.1          
0.1          
0.1          
0.1          
0.1          
0.1          
0.1          
0.1          
0.1          
0.1          
0.1          
0.1          
0.1          
0.1          
0.1          
0.1          
0.1          
0.1          
0.1          
0.1          
0.1          
0.1          
0.1          
0.1          
0.1          
0.1          
0.1
# Catch Effective Sample Size by Year and Fleet
100          
100          
100          
100          
100          
100          
100          
100          
100          
100          
100          
100          
100          
100          
100          
100          
100          
100          
100          
100          
100          
100          
100          
100          
100          
100          
100          
100          
100          
100          
100          
100          
100          
100          
100          
100          
100          
100          
100  
100        
# Discard Effective Sample Size by Year and Fleet
0            
0            
0            
0            
0            
0            
0            
0            
0            
0            
0            
0            
0            
0            
0            
0            
0            
0            
0            
0            
0            
0            
0            
0            
0            
0            
0            
0            
0            
0            
0            
0            
0            
0            
0            
0            
0            
0            
0    
0        
# Lambda for F Mult in First year by Fleet
0  
# CV for F Mult in First year by Fleet
0.1  
# Lambda for F Mult Deviations by Fleet
0  
# CV for F Mult Deviations by Fleet
0.1  
# Lambda for N in 1st Year Deviations
1
# CV for N in 1st Year Deviations
0.1
# Lambda for Recruitment Deviations
1
# Lambda for Catchability in First year by Index
0  0  0  0  0  0  0  0  0  0  0  0   
# CV for Catchability in First year by Index
0.001  0.001  0.001  0.001  0.001  0.001  0.001  0.001  0.001  0.001  0.001  0.001 
# Lambda for Catchability Deviations by Index
0  0  0  0  0  0  0  0  0  0  0  0  
# CV for Catchability Deviations by Index
0.001  0.001  0.001  0.001  0.001  0.001  0.001  0.001  0.001  0.001  0.001  0.001 
# Lambda for Deviation from Initial Steepness
0
# CV for Deviation from Initial Steepness
0.1
# Lambda for Deviation from Unexploited Stock Size
0
# CV for Deviation from Unexploited Stock Size
0.1
# NAA Deviations Flag
1
# Initial Numbers at Age in 1st Year
10000  10000  10000  10000  10000  10000  10000  10000  10000  10000  10000  
# Initial F Mult in 1st Year by Fleet
0.2  
# Initial Catchabilty by Index
0.001  0.001  0.001  0.001  0.001  0.001  0.001  0.001  0.001  0.001  0.001  0.001
# Stock Recruitment Flag
0
# Initial Unexploited Stock
10000
# Initial Steepness
0.7
# Maximum F
5.0
# Ignore Guesses (Yes=1)
0
# Projection Control
# Do Projections (Yes=1)
0
# Fleet Directed Flag
1  
# Final Year in Projection
2019
# Projection Data by Year
2020     -1         3     -99        1          
# Do MCMC (Yes=1)
0
# MCMC Year Option
1
# MCMC Iterations
1000
# MCMC Thinning Factor
200
# MCMC Random Seed
12345678
# Agepro R Option
0
# Agepro R Option Start Year
2014
# Agepro R Option End Year
2018
# Export R Flag
0
# Test Value
-23456
######
###### FINIS ######
# Fleet Names
#$FLEET-1
# Survey Names
#$Index-1 NEFSC Spring
#$Index-2 NEFSC Fall
#$Index-3 MADMF Spring
#$Index-4 MADMF Fall
#$Index-5 VAST NEFSC Spring
#$Index-6 VAST NEFSC Fall
#$Index-7 VAST MADMF Spring
#$Index-8 VAST MADMF Fall
#$Index-9 VAST MENH Spring
#$Index-10 VAST MENH Fall 
#$Index-11 VAST All Spring
#$Index-12 VAST All Fall
