# ASAP VERSION 3.0
# American Plaice Gulf of Maine-Georges Bank TY 2019 data for WHAM file
#
# ASAP GUI 15 AUG 2012
#
# Number of Years
40
# First Year
1980
# Number of Ages
11
# Number of Fleets
1
# Number of Sensitivity Blocks
1
# Number of Available Survey Indices
15
# Natural Mortality
0.3	0.3	0.3	0.3	0.3	0.3	0.3	0.3	0.3	0.3	0.3
0.3	0.3	0.3	0.3	0.3	0.3	0.3	0.3	0.3	0.3	0.3
0.3	0.3	0.3	0.3	0.3	0.3	0.3	0.3	0.3	0.3	0.3
0.3	0.3	0.3	0.3	0.3	0.3	0.3	0.3	0.3	0.3	0.3
0.3	0.3	0.3	0.3	0.3	0.3	0.3	0.3	0.3	0.3	0.3
0.3	0.3	0.3	0.3	0.3	0.3	0.3	0.3	0.3	0.3	0.3
0.3	0.3	0.3	0.3	0.3	0.3	0.3	0.3	0.3	0.3	0.3
0.3	0.3	0.3	0.3	0.3	0.3	0.3	0.3	0.3	0.3	0.3
0.3	0.3	0.3	0.3	0.3	0.3	0.3	0.3	0.3	0.3	0.3
0.3	0.3	0.3	0.3	0.3	0.3	0.3	0.3	0.3	0.3	0.3
0.3	0.3	0.3	0.3	0.3	0.3	0.3	0.3	0.3	0.3	0.3
0.3	0.3	0.3	0.3	0.3	0.3	0.3	0.3	0.3	0.3	0.3
0.3	0.3	0.3	0.3	0.3	0.3	0.3	0.3	0.3	0.3	0.3
0.3	0.3	0.3	0.3	0.3	0.3	0.3	0.3	0.3	0.3	0.3
0.3	0.3	0.3	0.3	0.3	0.3	0.3	0.3	0.3	0.3	0.3
0.3	0.3	0.3	0.3	0.3	0.3	0.3	0.3	0.3	0.3	0.3
0.3	0.3	0.3	0.3	0.3	0.3	0.3	0.3	0.3	0.3	0.3
0.3	0.3	0.3	0.3	0.3	0.3	0.3	0.3	0.3	0.3	0.3
0.3	0.3	0.3	0.3	0.3	0.3	0.3	0.3	0.3	0.3	0.3
0.3	0.3	0.3	0.3	0.3	0.3	0.3	0.3	0.3	0.3	0.3
0.3	0.3	0.3	0.3	0.3	0.3	0.3	0.3	0.3	0.3	0.3
0.3	0.3	0.3	0.3	0.3	0.3	0.3	0.3	0.3	0.3	0.3
0.3	0.3	0.3	0.3	0.3	0.3	0.3	0.3	0.3	0.3	0.3
0.3	0.3	0.3	0.3	0.3	0.3	0.3	0.3	0.3	0.3	0.3
0.3	0.3	0.3	0.3	0.3	0.3	0.3	0.3	0.3	0.3	0.3
0.3	0.3	0.3	0.3	0.3	0.3	0.3	0.3	0.3	0.3	0.3
0.3	0.3	0.3	0.3	0.3	0.3	0.3	0.3	0.3	0.3	0.3
0.3	0.3	0.3	0.3	0.3	0.3	0.3	0.3	0.3	0.3	0.3
0.3	0.3	0.3	0.3	0.3	0.3	0.3	0.3	0.3	0.3	0.3
0.3	0.3	0.3	0.3	0.3	0.3	0.3	0.3	0.3	0.3	0.3
0.3	0.3	0.3	0.3	0.3	0.3	0.3	0.3	0.3	0.3	0.3
0.3	0.3	0.3	0.3	0.3	0.3	0.3	0.3	0.3	0.3	0.3
0.3	0.3	0.3	0.3	0.3	0.3	0.3	0.3	0.3	0.3	0.3
0.3	0.3	0.3	0.3	0.3	0.3	0.3	0.3	0.3	0.3	0.3
0.3	0.3	0.3	0.3	0.3	0.3	0.3	0.3	0.3	0.3	0.3
0.3	0.3	0.3	0.3	0.3	0.3	0.3	0.3	0.3	0.3	0.3
0.3	0.3	0.3	0.3	0.3	0.3	0.3	0.3	0.3	0.3	0.3
0.3	0.3	0.3	0.3	0.3	0.3	0.3	0.3	0.3	0.3	0.3
0.3	0.3	0.3	0.3	0.3	0.3	0.3	0.3	0.3	0.3	0.3
0.3	0.3	0.3	0.3	0.3	0.3	0.3	0.3	0.3	0.3	0.3     
# Fecundity Option
0
# Fraction of year that elapses prior to SSB calculation (0=Jan-1)
0.2500
# Maturity 
0	0.14	0.44	0.75	0.89	0.96	0.98	0.99	0.99	1	1
0	0.14	0.44	0.75	0.89	0.96	0.98	0.99	0.99	1	1
0	0.14	0.44	0.75	0.89	0.96	0.98	0.99	0.99	1	1
0	0.14	0.44	0.75	0.89	0.96	0.98	0.99	0.99	1	1
0	0.14	0.44	0.75	0.89	0.96	0.98	0.99	0.99	1	1
0	0.14	0.44	0.75	0.89	0.96	0.98	0.99	0.99	1	1
0	0.14	0.44	0.75	0.89	0.96	0.98	0.99	0.99	1	1
0	0.14	0.44	0.75	0.89	0.96	0.98	0.99	0.99	1	1
0	0.14	0.44	0.75	0.89	0.96	0.98	0.99	0.99	1	1
0	0.14	0.44	0.75	0.89	0.96	0.98	0.99	0.99	1	1
0	0.14	0.44	0.75	0.89	0.96	0.98	0.99	0.99	1	1
0	0.14	0.44	0.75	0.89	0.96	0.98	0.99	0.99	1	1
0	0.14	0.44	0.75	0.89	0.96	0.98	0.99	0.99	1	1
0	0.14	0.44	0.75	0.89	0.96	0.98	0.99	0.99	1	1
0	0.14	0.44	0.75	0.89	0.96	0.98	0.99	0.99	1	1
0	0.14	0.44	0.75	0.89	0.96	0.98	0.99	0.99	1	1
0	0.14	0.44	0.75	0.89	0.96	0.98	0.99	0.99	1	1
0	0.14	0.44	0.75	0.89	0.96	0.98	0.99	0.99	1	1
0	0.14	0.44	0.75	0.89	0.96	0.98	0.99	0.99	1	1
0	0.14	0.44	0.75	0.89	0.96	0.98	0.99	0.99	1	1
0	0.14	0.44	0.75	0.89	0.96	0.98	0.99	0.99	1	1
0	0.14	0.44	0.75	0.89	0.96	0.98	0.99	0.99	1	1
0	0.14	0.44	0.75	0.89	0.96	0.98	0.99	0.99	1	1
0	0.14	0.44	0.75	0.89	0.96	0.98	0.99	0.99	1	1
0	0.14	0.44	0.75	0.89	0.96	0.98	0.99	0.99	1	1
0	0.14	0.44	0.75	0.89	0.96	0.98	0.99	0.99	1	1
0	0.14	0.44	0.75	0.89	0.96	0.98	0.99	0.99	1	1
0	0.14	0.44	0.75	0.89	0.96	0.98	0.99	0.99	1	1
0	0.14	0.44	0.75	0.89	0.96	0.98	0.99	0.99	1	1
0	0.14	0.44	0.75	0.89	0.96	0.98	0.99	0.99	1	1
0	0.14	0.44	0.75	0.89	0.96	0.98	0.99	0.99	1	1
0	0.14	0.44	0.75	0.89	0.96	0.98	0.99	0.99	1	1
0	0.14	0.44	0.75	0.89	0.96	0.98	0.99	0.99	1	1
0	0.14	0.44	0.75	0.89	0.96	0.98	0.99	0.99	1	1
0	0.14	0.44	0.75	0.89	0.96	0.98	0.99	0.99	1	1
0	0.14	0.44	0.75	0.89	0.96	0.98	0.99	0.99	1	1
0	0.14	0.44	0.75	0.89	0.96	0.98	0.99	0.99	1	1
0	0.14	0.44	0.75	0.89	0.96	0.98	0.99	0.99	1	1
0	0.14	0.44	0.75	0.89	0.96	0.98	0.99	0.99	1	1
0	0.14	0.44	0.75	0.89	0.96	0.98	0.99	0.99	1	1    
# Number of Weights at Age Matrices - needs updating
4
# Weight Matrix - 1 Fleet
0.030	0.076	0.154	0.267	0.409	0.653	0.829	1.039	1.183	1.374	1.895
0.032	0.108	0.168	0.316	0.442	0.778	0.885	0.978	1.130	1.254	1.551
0.018	0.115	0.230	0.290	0.418	0.564	0.960	1.138	1.196	1.552	1.901
0.013	0.033	0.185	0.378	0.530	0.670	0.823	1.042	1.238	1.446	1.680
0.004	0.045	0.161	0.303	0.524	0.630	0.888	1.187	1.133	1.369	1.958
0.018	0.058	0.084	0.209	0.331	0.534	0.847	1.167	1.377	1.665	2.128
0.016	0.042	0.138	0.229	0.384	0.587	0.842	1.174	1.491	1.747	2.194
0.013	0.046	0.131	0.234	0.409	0.609	0.892	1.173	1.483	1.732	2.284
0.016	0.046	0.159	0.284	0.449	0.641	0.880	1.231	1.396	1.717	2.238
0.012	0.047	0.153	0.282	0.416	0.534	0.732	0.856	1.313	1.463	1.940
0.017	0.048	0.141	0.277	0.439	0.613	0.807	0.967	1.089	1.305	1.696
0.022	0.049	0.157	0.328	0.494	0.701	0.960	1.160	1.277	1.543	1.811
0.019	0.045	0.130	0.314	0.505	0.727	0.939	1.192	1.318	1.640	2.005
0.017	0.038	0.243	0.363	0.484	0.634	0.955	1.229	1.408	1.576	2.312
0.015	0.027	0.243	0.391	0.496	0.591	0.768	1.087	1.274	1.394	1.866
0.015	0.036	0.178	0.317	0.494	0.640	0.720	1.025	1.280	1.643	1.744
0.019	0.031	0.121	0.325	0.472	0.625	0.832	1.112	1.314	1.561	1.933
0.014	0.029	0.158	0.354	0.435	0.615	0.790	1.084	1.269	1.389	1.785
0.040	0.068	0.167	0.277	0.368	0.509	0.769	1.028	1.328	1.418	2.065
0.035	0.100	0.200	0.321	0.441	0.547	0.704	0.906	1.153	1.397	1.507
0.004	0.109	0.279	0.343	0.464	0.551	0.721	0.944	1.091	1.308	1.809
0.011	0.026	0.163	0.309	0.426	0.523	0.684	0.815	1.033	1.386	1.556
0.021	0.074	0.146	0.307	0.422	0.511	0.662	0.869	1.031	1.223	1.413
0.019	0.028	0.160	0.293	0.386	0.524	0.666	0.828	0.965	1.057	1.238
0.012	0.025	0.100	0.304	0.398	0.510	0.660	0.773	0.944	1.035	1.192
0.009	0.023	0.114	0.309	0.410	0.523	0.664	0.834	0.934	1.079	1.304
0.015	0.040	0.126	0.282	0.395	0.509	0.598	0.782	0.907	0.958	1.291
0.006	0.034	0.183	0.326	0.422	0.517	0.639	0.816	0.945	1.104	1.389
0.009	0.044	0.199	0.312	0.422	0.474	0.580	0.618	0.717	0.807	1.046
0.012	0.063	0.207	0.289	0.390	0.490	0.533	0.574	0.676	0.797	0.940
0.029	0.045	0.134	0.299	0.375	0.466	0.543	0.604	0.597	0.567	0.837
0.015	0.026	0.083	0.290	0.426	0.496	0.531	0.574	0.611	0.701	0.778
0.017	0.033	0.084	0.254	0.351	0.459	0.523	0.551	0.610	0.645	0.786
0.044	0.098	0.200	0.346	0.446	0.469	0.560	0.585	0.603	0.611	0.775
0.039	0.128	0.268	0.388	0.476	0.537	0.560	0.651	0.673	0.757	0.793
0.027	0.133	0.290	0.427	0.502	0.569	0.620	0.637	0.789	0.725	0.818
0.036	0.131	0.252	0.417	0.522	0.621	0.688	0.725	0.752	0.862	0.886
0.019	0.097	0.224	0.379	0.510	0.615	0.688	0.772	0.840	0.852	1.027
0.043	0.104	0.205	0.414	0.543	0.644	0.627	0.762	0.720	0.753	0.907
0.044	0.115	0.214	0.341	0.502	0.559	0.648	0.732	0.766	0.738	0.944
# Weight Matrix - 2 Jan1
0.016	0.051	0.108	0.208	0.297	0.561	0.763	0.996	1.149	1.275	1.895
0.017	0.057	0.113	0.221	0.344	0.564	0.760	0.900	1.084	1.218	1.551
0.013	0.061	0.158	0.221	0.363	0.499	0.864	1.004	1.082	1.324	1.901
0.007	0.024	0.146	0.295	0.392	0.529	0.681	1.000	1.187	1.315	1.680
0.001	0.024	0.073	0.237	0.445	0.578	0.771	0.988	1.087	1.302	1.958
0.012	0.015	0.062	0.183	0.317	0.529	0.731	1.018	1.279	1.374	2.128
0.009	0.028	0.090	0.139	0.283	0.441	0.671	0.997	1.319	1.551	2.194
0.007	0.027	0.074	0.180	0.306	0.484	0.724	0.994	1.320	1.607	2.284
0.009	0.025	0.086	0.193	0.324	0.512	0.732	1.048	1.280	1.596	2.238
0.006	0.027	0.084	0.212	0.344	0.490	0.685	0.868	1.271	1.429	1.940
0.010	0.024	0.081	0.206	0.352	0.505	0.657	0.841	0.966	1.309	1.696
0.015	0.029	0.087	0.215	0.370	0.555	0.767	0.968	1.111	1.296	1.811
0.013	0.032	0.080	0.222	0.407	0.599	0.811	1.070	1.237	1.447	2.005
0.014	0.027	0.105	0.217	0.390	0.566	0.833	1.074	1.296	1.441	2.312
0.010	0.021	0.096	0.308	0.424	0.535	0.698	1.019	1.251	1.401	1.866
0.010	0.023	0.069	0.278	0.440	0.563	0.652	0.887	1.180	1.447	1.744
0.015	0.022	0.066	0.241	0.387	0.556	0.730	0.895	1.161	1.414	1.933
0.006	0.024	0.070	0.207	0.376	0.539	0.703	0.950	1.188	1.351	1.785
0.025	0.031	0.070	0.209	0.361	0.471	0.688	0.901	1.200	1.341	2.065
0.020	0.063	0.117	0.232	0.350	0.449	0.599	0.835	1.089	1.362	1.507
0.002	0.062	0.167	0.262	0.386	0.493	0.628	0.815	0.994	1.228	1.809
0.004	0.010	0.133	0.294	0.382	0.493	0.614	0.767	0.988	1.230	1.556
0.018	0.029	0.062	0.224	0.361	0.467	0.588	0.771	0.917	1.124	1.413
0.017	0.024	0.109	0.207	0.344	0.470	0.583	0.740	0.916	1.044	1.238
0.009	0.022	0.053	0.221	0.342	0.444	0.588	0.718	0.884	0.999	1.192
0.004	0.017	0.053	0.176	0.353	0.456	0.582	0.742	0.850	1.009	1.304
0.010	0.019	0.054	0.179	0.349	0.457	0.559	0.721	0.870	0.946	1.291
0.002	0.023	0.086	0.203	0.345	0.452	0.570	0.699	0.860	1.001	1.389
0.003	0.016	0.082	0.239	0.371	0.447	0.548	0.628	0.765	0.873	1.046
0.006	0.024	0.095	0.240	0.349	0.455	0.503	0.577	0.646	0.756	0.940
0.031	0.023	0.092	0.249	0.329	0.426	0.516	0.567	0.585	0.619	0.837
0.010	0.028	0.061	0.197	0.357	0.431	0.497	0.558	0.608	0.647	0.778
0.007	0.022	0.047	0.145	0.319	0.442	0.509	0.541	0.592	0.628	0.786
0.026	0.041	0.081	0.171	0.337	0.406	0.507	0.553	0.576	0.611	0.775
0.021	0.075	0.162	0.279	0.406	0.489	0.513	0.604	0.628	0.676	0.793
0.012	0.072	0.193	0.338	0.441	0.520	0.577	0.597	0.717	0.699	0.818
0.022	0.060	0.183	0.348	0.472	0.558	0.626	0.670	0.692	0.825	0.886
0.008	0.059	0.171	0.309	0.461	0.567	0.654	0.729	0.780	0.800	1.027
0.026	0.045	0.141	0.305	0.454	0.573	0.621	0.724	0.746	0.795	0.907
0.028	0.070	0.149	0.264	0.456	0.551	0.646	0.678	0.764	0.729	0.944
# Weight Matrix - 3 NEFSC Spring WAA - based on L-W prediction - revised 3/1/22
0.005	0.036	0.151	0.235	0.374	0.583	0.807	1.124	1.354	1.382	1.483
0.005	0.053	0.126	0.246	0.366	0.621	0.732	0.872	1.101	1.073	1.623
0.011	0.043	0.142	0.221	0.349	0.538	0.842	1.064	1.019	1.419	1.645
0.005	0.046	0.147	0.258	0.347	0.554	0.700	1.020	1.192	1.245	1.589
0.008	0.035	0.109	0.184	0.308	0.431	0.692	0.797	1.189	1.355	1.611
0.003	0.029	0.083	0.173	0.254	0.389	0.599	0.821	1.059	1.418	1.707
0.003	0.038	0.118	0.205	0.293	0.402	0.674	0.893	1.166	1.353	1.405
0.007	0.049	0.110	0.216	0.309	0.431	0.635	0.932	1.230	1.317	1.435
0.004	0.034	0.118	0.222	0.359	0.521	0.755	0.686	1.248	1.147	1.276
0.004	0.034	0.113	0.215	0.333	0.476	0.753	0.637	0.919	0.941	1.371
0.004	0.035	0.105	0.198	0.355	0.465	0.781	0.728	1.249	1.492	1.317
0.003	0.029	0.103	0.231	0.376	0.604	0.838	0.822	1.231	1.059	1.736
0.004	0.032	0.093	0.228	0.423	0.707	0.918	1.340	1.719	1.684	1.492
0.003	0.040	0.131	0.225	0.348	0.578	0.877	1.175	1.494	1.586	1.388
0.003	0.038	0.121	0.220	0.338	0.478	0.751	1.016	0.648	1.059	1.857
0.004	0.035	0.111	0.237	0.380	0.536	0.779	0.667	1.353	1.542	1.898
0.004	0.031	0.099	0.197	0.356	0.510	0.521	1.057	1.081	1.059	1.236
0.004	0.035	0.105	0.196	0.342	0.520	0.623	0.551	0.901	2.237	1.927
0.004	0.032	0.090	0.165	0.264	0.432	0.572	0.940	0.701	1.235	1.588
0.003	0.032	0.068	0.179	0.302	0.412	0.518	0.859	0.977	1.081	1.236
0.008	0.042	0.113	0.206	0.370	0.482	0.587	0.870	1.066	1.448	1.420
0.005	0.033	0.093	0.199	0.332	0.471	0.582	0.660	0.822	0.921	0.321
0.005	0.039	0.100	0.191	0.328	0.417	0.580	0.627	0.718	0.984	0.876
0.012	0.034	0.096	0.154	0.275	0.387	0.555	0.385	0.794	0.999	1.336
0.004	0.025	0.064	0.144	0.253	0.348	0.456	0.526	0.799	0.425	1.448
0.003	0.020	0.061	0.159	0.246	0.375	0.434	0.741	0.901	1.264	1.236
0.008	0.035	0.090	0.160	0.260	0.320	0.435	0.561	0.751	0.724	1.375
0.010	0.043	0.112	0.203	0.311	0.385	0.556	0.594	0.425	1.024	1.081
0.003	0.041	0.083	0.171	0.274	0.372	0.422	0.489	0.740	0.842	1.067
0.006	0.037	0.096	0.159	0.247	0.360	0.432	0.411	0.535	0.793	0.703
0.003	0.048	0.099	0.209	0.257	0.338	0.400	0.618	0.644	0.664	0.767
0.007	0.034	0.054	0.122	0.179	0.301	0.327	0.399	0.507	0.532	0.596
0.004	0.026	0.063	0.137	0.206	0.315	0.376	0.434	0.497	0.502	0.852
0.004	0.032	0.082	0.172	0.280	0.298	0.383	0.504	0.506	0.594	0.614
0.004	0.023	0.069	0.169	0.235	0.393	0.385	0.503	0.500	0.475	0.782
0.003	0.045	0.128	0.249	0.337	0.454	0.491	0.578	0.531	0.707	0.815
0.009	0.050	0.165	0.282	0.364	0.478	0.625	0.664	0.648	0.686	0.816
0.003	0.033	0.089	0.254	0.353	0.475	0.492	0.550	0.675	0.805	0.810
0.007	0.035	0.103	0.175	0.323	0.403	0.494	0.546	0.574	0.639	0.749
0.006	0.047	0.088	0.216	0.268	0.400	0.446	0.540	0.588	0.638	0.972
# Weight Matrix - 4 NEFSC Fall WAA - based on L-W prediction - revised 3/1/22
0.035	0.092	0.163	0.269	0.437	0.606	0.787	1.013	1.191	1.307	1.609
0.028	0.093	0.189	0.302	0.474	0.792	0.895	1.209	1.135	1.420	1.492
0.026	0.106	0.206	0.290	0.428	0.624	0.894	1.099	1.331	1.677	1.338
0.020	0.078	0.182	0.328	0.486	0.665	0.775	0.855	1.145	1.560	1.838
0.021	0.088	0.177	0.299	0.465	0.603	0.631	1.184	0.971	1.380	1.878
0.028	0.087	0.161	0.292	0.543	0.791	1.022	1.003	1.543	1.104	2.239
0.021	0.085	0.164	0.256	0.428	0.606	0.831	1.126	1.011	1.167	2.147
0.018	0.075	0.191	0.278	0.432	0.548	0.790	0.879	1.370	1.786	1.163
0.018	0.073	0.191	0.347	0.509	0.726	1.010	0.623	1.237	1.104	2.038
0.016	0.064	0.172	0.335	0.486	0.692	0.882	1.317	1.308	1.839	1.635
0.014	0.069	0.203	0.322	0.559	0.785	1.162	1.138	1.130	1.392	1.696
0.020	0.080	0.180	0.332	0.551	0.747	0.772	1.284	0.971	1.684	1.586
0.020	0.078	0.146	0.301	0.518	0.888	1.152	0.838	1.892	1.800	1.684
0.018	0.077	0.182	0.280	0.446	0.623	1.290	1.038	1.531	1.508	1.341
0.019	0.073	0.179	0.256	0.404	0.554	0.647	1.058	1.235	1.494	1.317
0.015	0.078	0.185	0.334	0.493	0.656	0.777	1.586	1.009	1.104	1.786
0.025	0.057	0.154	0.287	0.493	0.638	0.677	0.861	1.502	1.104	2.065
0.028	0.087	0.167	0.293	0.505	0.639	0.676	1.081	1.235	1.104	2.237
0.023	0.072	0.155	0.250	0.325	0.487	0.713	0.980	1.317	1.492	1.586
0.024	0.080	0.171	0.296	0.426	0.492	0.831	1.201	0.971	1.104	1.341
0.020	0.072	0.175	0.292	0.462	0.472	0.770	0.916	0.818	1.332	1.341
0.019	0.066	0.145	0.249	0.397	0.588	0.616	0.819	0.851	0.912	1.403
0.020	0.057	0.116	0.210	0.353	0.458	0.562	0.710	0.826	1.348	0.476
0.029	0.071	0.138	0.242	0.338	0.565	0.647	0.792	0.882	1.118	1.347
0.016	0.046	0.100	0.181	0.294	0.420	0.570	0.677	1.136	1.104	1.036
0.016	0.054	0.115	0.192	0.284	0.416	0.578	0.688	0.927	0.864	1.586
0.017	0.051	0.115	0.183	0.275	0.372	0.383	0.532	0.583	0.494	1.403
0.022	0.054	0.121	0.216	0.343	0.369	0.403	0.717	0.907	1.104	1.341
0.017	0.067	0.134	0.219	0.293	0.362	0.437	0.593	0.361	0.551	0.594
0.017	0.073	0.151	0.210	0.311	0.436	0.505	0.518	0.503	0.657	1.341
0.033	0.074	0.122	0.195	0.272	0.336	0.416	0.553	0.478	0.368	0.524
0.019	0.058	0.132	0.177	0.324	0.343	0.402	0.433	0.553	0.442	0.610
0.020	0.081	0.140	0.205	0.262	0.344	0.470	0.487	0.575	0.609	1.138
0.025	0.088	0.163	0.279	0.375	0.354	0.501	0.803	0.538	0.780	1.009
0.026	0.091	0.179	0.267	0.439	0.362	0.433	0.723	0.492	0.714	0.515
0.027	0.098	0.227	0.326	0.413	0.452	0.538	0.587	0.583	0.766	0.710
0.023	0.096	0.219	0.353	0.464	0.517	0.589	0.826	0.706	0.759	0.666
0.018	0.088	0.193	0.326	0.424	0.469	0.630	0.545	0.799	0.814	0.846
0.022	0.073	0.168	0.228	0.338	0.418	0.528	0.570	0.662	0.394	0.798
0.021	0.086	0.161	0.238	0.303	0.414	0.535	0.618	0.633	0.884	0.941
# Weights at Age Pointers
1
1
1
1
2
2
# Selectivity Block Assignment
# Fleet 1 Selectivity Block Assignment
1
1
1
1
1
1
1
1
1
1
1
1
1
1
1
1
1
1
1
1
1
1
1
1
1
1
1
1
1
1
1
1
1
1
1
1
1
1
1
1
# Selectivity Options for each block 1=by age, 2=logisitic, 3=double logistic
2  
# Selectivity Block #1 Data 
0               1               1               0.001           
0.05            1               1               0.001           
0.05            1               1               0.001           
0.25            1               1               0.001           
0.76            1               1               0.001           
1               1               1               0.001           
1               1               1               0.001           
1               1               1               0.001           
1               1               1               0.001           
1               1               1               0.001           
1               1               1               0.001           
5               1               1               0.1             
1.5             1               1               0.1             
0               -1              0               0               
0               -1              0               0               
0               -1              0               0               
0               -1              0               0               
# Fleet Start Age
1  
# Fleet End Age
11  
# Age Range for Average F
6  9
# Average F report option (1=unweighted, 2=Nweighted, 3=Bweighted)
1
# Use Likelihood constants? (1=yes)
1
# Release Mortality by Fleet
0  
# Catch Data
# Fleet-1 Catch Data
5.2000		98.8700		1071.6573	2671.5003	3938.6892	3933.3145	3632.0300	1185.4000	1138.6000	849.9000	1380.4000	19097
5.1020		981.9391	2192.0968	5056.2346	5338.2646	3648.9226	2401.2969	1581.9269	645.2400	439.8955	621.0348	15232
9.6032		603.2381	3348.5017	4574.7054	4503.8882	3599.2257	3297.6372	2037.9900	1256.3404	736.8410	717.5373	17608
14.5489		662.7905	1477.9175	5174.3104	4915.0974	3910.4588	2268.6850	1271.2812	700.7670	449.3000	910.7918	16658
2.5350		370.4668	990.5746	2422.0608	6031.2415	3244.4471	1935.6340	580.2750	273.8000	307.2000	768.9000	13108
64.7727		157.8268	1217.4245	1336.4092	2404.5717	2872.0480	2228.1623	1081.2893	438.0718	267.1169	181.9448	8323
59.3030		638.7079	737.9771	2283.9708	1700.0419	1476.4634	1307.0657	631.4997	254.9214	104.7931	99.8809		5879
38.4748		589.6149	1840.4946	1439.2392	2282.2961	1336.9125	895.0365	542.8549	187.1580	61.6175		59.9409		6297
313.5061	785.5375	1839.5305	1833.4106	1597.3727	1444.4166	552.7846	270.3125	177.0974	88.1552		55.3219		5247
27.0248		2618.0019	3216.2013	1990.5414	990.5813	598.3942	764.6100	475.6055	200.0212	102.8321	115.6724	3338
94.3889		1097.5083	5577.1727	3062.0688	1544.3108	578.2525	302.5324	349.4469	192.8772	96.0937		161.0888	3762
2.9522		429.6978	1735.0557	5367.0927	3643.8390	1164.3397	325.7311	167.0268	202.5207	97.9630		105.4959	5731
25.1258		346.9969	1068.3697	2233.2844	5694.3425	2648.9166	833.1270	201.4467	131.3485	117.5917	93.9443		7202
405.4265	243.4072	599.8694	1905.3359	2473.8032	2620.3675	1407.4070	270.6873	294.3543	151.5453	124.9624	6276
123.9447	880.7344	352.9148	1369.0551	2564.5140	1488.1620	1176.0086	682.3300	286.5634	163.2053	132.0997	5264
148.9960	2307.1873	1513.5824	2236.2914	3338.8684	1757.0264	777.2609	696.7250	139.0816	53.2795		51.1154		5418
264.7460	1003.0517	1653.1154	4137.1813	3105.3235	1722.7203	535.8507	272.0128	139.8236	41.5228		45.7196		5166
61.8044		710.1032	492.3824	2289.8186	3440.6869	1677.0676	636.2122	192.2708	90.6803		64.4281		65.4073		4409
6.1199		33.2283		298.1262	981.3387	2823.9879	2970.4362	1193.0519	344.8342	59.3144		50.1234		30.6124		4126
3.8986		57.0027		197.3264	680.4619	1455.0018	1992.9863	1129.1212	396.8086	135.1574	37.9606		31.5430		3397
0.6980		38.5283		376.2586	830.0754	1778.7262	2363.1853	1731.7195	554.6434	149.4357	56.1558		20.0996		4547
14.3577		177.9740	348.8343	1083.9990	2290.7039	2240.7219	1596.6746	881.2325	318.5311	62.1749		36.8663		4814
1.8959		16.9311		89.2080		742.3801	1345.1400	1677.3551	1168.0973	523.8883	274.4085	156.5633	181.3930	3622
39.6085		683.7906	119.5857	470.6891	1223.3657	1194.2577	705.4708	509.9779	262.6032	166.7141	118.6790	2732
10.3198		140.5461	116.4837	391.4280	829.7210	976.5088	497.9447	362.3641	225.8283	76.9386		81.2171		1956
39.0978		359.8298	105.8108	446.0072	823.6379	733.8541	448.6286	205.1090	106.3365	49.6283		51.0888		1567
58.1200		110.1191	120.5878	427.3921	744.3456	564.3166	410.0518	226.0551	106.0335	59.6126		43.2962		1352
136.2007	220.5991	214.8577	696.7781	830.4929	508.0116	229.8210	105.3291	64.1577		29.9976		25.7725		1247
21.4001		55.6427		200.3133	466.3889	842.9860	580.9949	339.6088	187.3584	103.9159	73.1881		66.4011		1333
48.6178		119.5429	206.8835	550.7104	1077.7238	924.0969	534.6710	360.0720	144.2556	52.6786		102.0190	1806
102.8186	247.7530	183.3193	314.5833	716.3683	1109.4899	699.9059	300.0941	184.4955	120.8665	99.9337		1738
43.5078		190.4889	162.4807	208.8876	381.1939	846.3418	887.2638	476.3211	131.0243	64.5363		57.4458		1622
7.0737		475.0723	387.2191	352.5342	524.0018	537.5226	763.5283	793.8769	369.1396	91.0462		100.0794	1765
17.1628		95.3321		166.9840	277.6070	423.1740	635.6262	393.2510	412.7150	349.2497	178.6310	76.6027		1465
9.1307		43.9811		154.3547	401.6994	459.0853	265.6745	553.2335	188.6716	176.3254	138.6454	141.0668	1331
1.7699		76.9969		175.0545	415.0547	448.1550	317.8485	250.8089	339.1412	111.7928	140.0404	137.5962	1317
0.6180		10.5196		255.9549	286.6273	372.5198	305.1735	193.4072	111.1800	162.4862	65.4736		176.6265	1117
0.8530		31.1025		37.5047		565.0303	441.0176	341.9056	244.3052	117.2795	98.7558		106.0373	140.0911	1235
3.5369		7.7752		65.7690		102.8497	722.1613	422.9009	242.8716	194.0263	82.8265		69.2144		207.2296	1196
3.7988		38.8910		18.6874		155.7280	207.1940	730.4821	358.2922	183.1132	82.3909		42.4843		107.7700	1048     
# Discards
# Fleet-1 Discards Data
0	0	0	0	0	0	0	0	0	0	0	0
0	0	0	0	0	0	0	0	0	0	0	0
0	0	0	0	0	0	0	0	0	0	0	0
0	0	0	0	0	0	0	0	0	0	0	0
0	0	0	0	0	0	0	0	0	0	0	0
0	0	0	0	0	0	0	0	0	0	0	0
0	0	0	0	0	0	0	0	0	0	0	0
0	0	0	0	0	0	0	0	0	0	0	0
0	0	0	0	0	0	0	0	0	0	0	0
0	0	0	0	0	0	0	0	0	0	0	0
0	0	0	0	0	0	0	0	0	0	0	0
0	0	0	0	0	0	0	0	0	0	0	0
0	0	0	0	0	0	0	0	0	0	0	0
0	0	0	0	0	0	0	0	0	0	0	0
0	0	0	0	0	0	0	0	0	0	0	0
0	0	0	0	0	0	0	0	0	0	0	0
0	0	0	0	0	0	0	0	0	0	0	0
0	0	0	0	0	0	0	0	0	0	0	0
0	0	0	0	0	0	0	0	0	0	0	0
0	0	0	0	0	0	0	0	0	0	0	0
0	0	0	0	0	0	0	0	0	0	0	0
0	0	0	0	0	0	0	0	0	0	0	0
0	0	0	0	0	0	0	0	0	0	0	0
0	0	0	0	0	0	0	0	0	0	0	0
0	0	0	0	0	0	0	0	0	0	0	0
0	0	0	0	0	0	0	0	0	0	0	0
0	0	0	0	0	0	0	0	0	0	0	0
0	0	0	0	0	0	0	0	0	0	0	0
0	0	0	0	0	0	0	0	0	0	0	0
0	0	0	0	0	0	0	0	0	0	0	0
0	0	0	0	0	0	0	0	0	0	0	0
0	0	0	0	0	0	0	0	0	0	0	0
0	0	0	0	0	0	0	0	0	0	0	0
0	0	0	0	0	0	0	0	0	0	0	0
0	0	0	0	0	0	0	0	0	0	0	0
0	0	0	0	0	0	0	0	0	0	0	0
0	0	0	0	0	0	0	0	0	0	0	0
0	0	0	0	0	0	0	0	0	0	0	0
0	0	0	0	0	0	0	0	0	0	0	0
0	0	0	0	0	0	0	0	0	0	0	0           
# Release Proportion
# Fleet-1 Release Data
0	0	0	0	0	0	0	0	0	0	0
0	0	0	0	0	0	0	0	0	0	0
0	0	0	0	0	0	0	0	0	0	0
0	0	0	0	0	0	0	0	0	0	0
0	0	0	0	0	0	0	0	0	0	0
0	0	0	0	0	0	0	0	0	0	0
0	0	0	0	0	0	0	0	0	0	0
0	0	0	0	0	0	0	0	0	0	0
0	0	0	0	0	0	0	0	0	0	0
0	0	0	0	0	0	0	0	0	0	0
0	0	0	0	0	0	0	0	0	0	0
0	0	0	0	0	0	0	0	0	0	0
0	0	0	0	0	0	0	0	0	0	0
0	0	0	0	0	0	0	0	0	0	0
0	0	0	0	0	0	0	0	0	0	0
0	0	0	0	0	0	0	0	0	0	0
0	0	0	0	0	0	0	0	0	0	0
0	0	0	0	0	0	0	0	0	0	0
0	0	0	0	0	0	0	0	0	0	0
0	0	0	0	0	0	0	0	0	0	0
0	0	0	0	0	0	0	0	0	0	0
0	0	0	0	0	0	0	0	0	0	0
0	0	0	0	0	0	0	0	0	0	0
0	0	0	0	0	0	0	0	0	0	0
0	0	0	0	0	0	0	0	0	0	0
0	0	0	0	0	0	0	0	0	0	0
0	0	0	0	0	0	0	0	0	0	0
0	0	0	0	0	0	0	0	0	0	0
0	0	0	0	0	0	0	0	0	0	0
0	0	0	0	0	0	0	0	0	0	0
0	0	0	0	0	0	0	0	0	0	0
0	0	0	0	0	0	0	0	0	0	0
0	0	0	0	0	0	0	0	0	0	0
0	0	0	0	0	0	0	0	0	0	0
0	0	0	0	0	0	0	0	0	0	0
0	0	0	0	0	0	0	0	0	0	0
0	0	0	0	0	0	0	0	0	0	0
0	0	0	0	0	0	0	0	0	0	0
0	0	0	0	0	0	0	0	0	0	0
0	0	0	0	0	0	0	0	0	0	0              
# Survey Index Data
# Aggregate Index Units (1=biomass, 2=abundance)
2  2  2  2  2  2  2  2  2  2  2  2  2  2  1
# Age Proportion Index Units
2  2  2  2  2  2  2  2  2  2  2  2  2  2  2
# Weight at Age Matrix
3  4  2  2  2  2  2  2  2  2  2  2  2  2  1
# Index Month
4  10  4  10  4  10  4  10  4  10  4  10  4  10  6
# Index Selectivity Link to Fleet
-1  -1  -1  -1 -1  -1  -1  -1  -1  -1  -1  -1  -1  -1  1
# Index Selectivity Options 1=by age, 2=logisitic, 3=double logistic
1  1  1  1  1  1  1  1  1  1  1  1  1  1  1
# Index Start Age
1  1  1  1  1  1  1  1  1  1  1  1  1  1  1
# Index End Age
11  11  11  11  11  11  11  11  11  11  9  9  11 11  11
# Estimate Proportion (Yes=1)
1  1  0  0  0  0  0  0  0  0  0  0  0  0  0
# Use Index (Yes=1)
1  1  0  0  0  0  0  0  0  0  0  0  0  0  0
# Index-1 Selectivity Data NEFSC Spring
1               -1              0               0.001           
1               -1              0               0.001           
1               -1              0               0.001           
1               -1              0               0.001           
1               -1              0               0.001           
1               -1              0               0.001           
1               -1              0               0.001           
1               -1              0               0.001           
1               -1              0               0.001           
1               -1              0               0.001           
1               -1              0               0.001           
0               -1              0               0               
0               -1              0               0               
0               -1              0               0               
0               -1              0               0               
0               -1              0               0               
0               -1              0               0                 
# Index-2 Selectivity Data NEFSC Fall
1               -1              0               0.001           
1               -1              0               0.001           
1               -1              0               0.001           
1               -1              0               0.001           
1               -1              0               0.001           
1               -1              0               0.001           
1               -1              0               0.001           
1               -1              0               0.001           
1               -1              0               0.001           
1               -1              0               0.001           
1               -1              0               0.001           
0               -1              0               0               
0               -1              0               0               
0               -1              0               0               
0               -1              0               0               
0               -1              0               0               
0               -1              0               0                 
# Index-3 Selectivity Data MADMF Spring
1               -1              0               0.001           
1               -1              0               0.001           
1               -1              0               0.001           
1               -1              0               0.001           
1               -1              0               0.001           
1               -1              0               0.001           
1               -1              0               0.001           
1               -1              0               0.001           
1               -1              0               0.001           
0               -1              0               0.001           
0               -1              0               0.001           
0               -1              0               0               
0               -1              0               0               
0               -1              0               0               
0               -1              0               0               
0               -1              0               0               
0               -1              0               0                 
# Index-4 Selectivity Data MADMF Fall
1               -1              0               0.001           
1               -1              0               0.001           
1               -1              0               0.001           
1               -1              0               0.001           
1               -1              0               0.001           
1               -1              0               0.001           
1               -1              0               0.001           
1               -1              0               0.001           
1               -1              0               0.001           
0               -1              0               0.001           
0               -1              0               0.001           
0               -1              0               0               
0               -1              0               0               
0               -1              0               0               
0               -1              0               0               
0               -1              0               0               
0               -1              0               0        
# Index-5 Selectivity Data VAST NEFSC Spring
1               -1              0               0.001           
1               -1              0               0.001           
1               -1              0               0.001           
1               -1              0               0.001           
1               -1              0               0.001           
1               -1              0               0.001           
1               -1              0               0.001           
1               -1              0               0.001           
1               -1              0               0.001           
0               -1              0               0.001           
0               -1              0               0.001           
0               -1              0               0               
0               -1              0               0               
0               -1              0               0               
0               -1              0               0               
0               -1              0               0               
0               -1              0               0  
# Index-6 Selectivity Data VAST NEFSC Fall
1               -1              0               0.001           
1               -1              0               0.001           
1               -1              0               0.001           
1               -1              0               0.001           
1               -1              0               0.001           
1               -1              0               0.001           
1               -1              0               0.001           
1               -1              0               0.001           
1               -1              0               0.001           
0               -1              0               0.001           
0               -1              0               0.001           
0               -1              0               0               
0               -1              0               0               
0               -1              0               0               
0               -1              0               0               
0               -1              0               0               
0               -1              0               0   
# Index-7 Selectivity Data VAST MADMF Spring
1               -1              0               0.001           
1               -1              0               0.001           
1               -1              0               0.001           
1               -1              0               0.001           
1               -1              0               0.001           
1               -1              0               0.001           
1               -1              0               0.001           
1               -1              0               0.001           
1               -1              0               0.001           
0               -1              0               0.001           
0               -1              0               0.001           
0               -1              0               0               
0               -1              0               0               
0               -1              0               0               
0               -1              0               0               
0               -1              0               0               
0               -1              0               0  
# Index-8 Selectivity Data VAST MADMF Fall
1               -1              0               0.001           
1               -1              0               0.001           
1               -1              0               0.001           
1               -1              0               0.001           
1               -1              0               0.001           
1               -1              0               0.001           
1               -1              0               0.001           
1               -1              0               0.001           
1               -1              0               0.001           
0               -1              0               0.001           
0               -1              0               0.001           
0               -1              0               0               
0               -1              0               0               
0               -1              0               0               
0               -1              0               0               
0               -1              0               0               
0               -1              0               0     
# Index-9 Selectivity Data VAST MENH Spring
1               -1              0               0.001           
1               -1              0               0.001           
1               -1              0               0.001           
1               -1              0               0.001           
1               -1              0               0.001           
1               -1              0               0.001           
1               -1              0               0.001           
1               -1              0               0.001           
1               -1              0               0.001           
0               -1              0               0.001           
0               -1              0               0.001           
0               -1              0               0               
0               -1              0               0               
0               -1              0               0               
0               -1              0               0               
0               -1              0               0               
0               -1              0               0           
# Index-10 Selectivity Data VAST MENH Fall
1               -1              0               0.001           
1               -1              0               0.001           
1               -1              0               0.001           
1               -1              0               0.001           
1               -1              0               0.001           
1               -1              0               0.001           
1               -1              0               0.001           
1               -1              0               0.001           
1               -1              0               0.001           
0               -1              0               0.001           
0               -1              0               0.001           
0               -1              0               0               
0               -1              0               0               
0               -1              0               0               
0               -1              0               0               
0               -1              0               0               
0               -1              0               0   
# Index-11 Selectivity Data VAST All Spring
1               -1              0               0.001           
1               -1              0               0.001           
1               -1              0               0.001           
1               -1              0               0.001           
1               -1              0               0.001           
1               -1              0               0.001           
1               -1              0               0.001           
1               -1              0               0.001           
1               -1              0               0.001           
0               -1              0               0          
0               -1              0               0          
0               -1              0               0               
0               -1              0               0               
0               -1              0               0               
0               -1              0               0               
0               -1              0               0               
0               -1              0               0 
# Index-12 Selectivity Data VAST All Fall
1               -1              0               0.001           
1               -1              0               0.001           
1               -1              0               0.001           
1               -1              0               0.001           
1               -1              0               0.001           
1               -1              0               0.001           
1               -1              0               0.001           
1               -1              0               0.001           
1               -1              0               0.001           
0               -1              0               0          
0               -1              0               0          
0               -1              0               0               
0               -1              0               0               
0               -1              0               0               
0               -1              0               0               
0               -1              0               0               
0               -1              0               0 
# Index-13 Selectivity Data MENH Spring
1               -1              0               0.001           
1               -1              0               0.001           
1               -1              0               0.001           
1               -1              0               0.001           
1               -1              0               0.001           
1               -1              0               0.001           
1               -1              0               0.001           
1               -1              0               0.001           
1               -1              0               0.001           
0               -1              0               0.001           
0               -1              0               0.001           
0               -1              0               0               
0               -1              0               0               
0               -1              0               0               
0               -1              0               0               
0               -1              0               0               
0               -1              0               0 
# Index-14 Selectivity Data MENH Fall
1               -1              0               0.001           
1               -1              0               0.001           
1               -1              0               0.001           
1               -1              0               0.001           
1               -1              0               0.001           
1               -1              0               0.001           
1               -1              0               0.001           
1               -1              0               0.001           
1               -1              0               0.001           
0               -1              0               0.001           
0               -1              0               0.001           
0               -1              0               0               
0               -1              0               0               
0               -1              0               0               
0               -1              0               0               
0               -1              0               0               
0               -1              0               0 
# Index-15 Selectivity Data LPUE
1               -1              0               0.001           
1               -1              0               0.001           
1               -1              0               0.001           
1               -1              0               0.001           
1               -1              0               0.001           
1               -1              0               0.001           
1               -1              0               0.001           
1               -1              0               0.001           
1               -1              0               0.001           
0               -1              0               0.001           
0               -1              0               0.001           
0               -1              0               0               
0               -1              0               0               
0               -1              0               0               
0               -1              0               0               
0               -1              0               0               
0               -1              0               0 
# Index-1 NEFSC Spring
1980	18.3308	0.1479	0	    2.2375	4.092	3.0357	2.9795	1.6078	1.073	0.2438	0.2978	0.2308	0.0851	50
1981	21.5633	0.0935	0.3784	4.5049	4.9939	3.8543	2.7996	1.7478	1.4533	0.7816	0.3991	0.3229	0.3167	50
1982	11.6342	0.1556	0.0171	0.9436	1.8561	3.2488	2.0787	1.2863	0.9078	0.4872	0.3488	0.188	0.1208	50
1983	17.5712	0.2222	0	    3.7452	3.448	4.6445	2.7178	1.2027	0.5868	0.3224	0.1457	0.147	0.2172	50
1984	4.954	0.1399	0	    0.5223	0.9169	1.0968	1.2283	0.7359	0.255	0.0818	0.0093	0.0216	0.0563	50
1985	5.4092	0.0984	0.0215	0.3972	1.1966	1.0115	0.7662	0.8271	0.4845	0.408	0.1095	0.0729	0.0927	50
1986	3.7114	0.1527	0.0094	0.7868	0.4389	1.1593	0.6034	0.3218	0.1891	0.1282	0.0381	0.0131	0.0044	50
1987	4.1127	0.1121	0.1073	0.773	1.2959	0.7473	0.5581	0.2674	0.1632	0.074	0.0287	0.0309	0.0209	50
1988	4.7344	0.1349	0.5841	1.3975	1.0333	0.9328	0.3062	0.229	0.097	0.0271	0.0813	0.0371	0.0096	50
1989	4.8082	0.1495	0.0135	1.5801	1.2724	0.8639	0.4915	0.2787	0.1449	0.0284	0.0705	0.0066	0.0045	50
1990	5.59	0.1751	0.0051	0.8753	2.7865	1.0554	0.5204	0.1825	0.0665	0.0483	0.048	0	    0	    50
1991	6.4825	0.1493	0.0335	0.9047	1.9469	2.3781	0.9234	0.1466	0.0652	0.0203	0.0181	0	    0.0266	50
1992	4.457	0.1045	0.0903	0.4116	1.2948	0.9223	1.1264	0.4328	0.0992	0.0383	0.0239	0.0126	0.005	50
1993	5.3285	0.1315	0.3285	0.8688	1.1606	1.5667	0.6311	0.4616	0.1659	0.0834	0.015	0.0073	0.0401	50
1994	4.8846	0.1512	0.0288	1.4453	1.1378	1.1162	0.7388	0.2285	0.0984	0.0353	0.0068	0	    0.0275	50
1995	9.7324	0.1678	0.0322	2.0388	3.4112	2.3253	1.123	0.4462	0.215	0.0246	0.0315	0.0268	0.0471	50
1996	7.7888	0.1343	0.0224	0.5115	1.8324	3.2889	1.3045	0.5079	0.2151	0.0444	0.0178	0	    0	    50
1997	8.0431	0.3195	0.0114	0.8472	1.6361	2.5874	2.2926	0.5481	0.0881	0.0123	0	    0.0054	0.0153	50
1998	4.9407	0.1142	0.0582	0.2283	1.1609	1.1253	1.2904	0.8044	0.1856	0.0628	0.0039	0.0085	0.0119	50
1999	4.4717	0.1287	0.0854	0.536	0.5397	1.1732	0.7997	0.7014	0.4294	0.1687	0.0231	0.0152	0	50
2000	11.4443	0.1522	0.0478	2.4559	2.9133	2.4544	1.7576	0.9043	0.628	0.1536	0.0738	0.0217	0.0161	50
2001	11.0213	0.1543	0	    0.7895	3.7539	3.4322	1.418	0.8609	0.4084	0.1903	0.0997	0.0503	0.0186	50
2002	7.9472	0.1333	0.0679	0.3611	1.3187	2.871	1.8072	0.597	0.3889	0.2361	0.1722	0.0651	0.0079	50
2003	4.2622	0.1227	0.0359	0.8082	0.2648	0.7164	1.2621	0.6127	0.221	0.1264	0.0892	0.0408	0.0715	50
2004	10.4496	0.2319	0.4434	1.0582	3.0948	2.4247	1.5212	1.2344	0.3511	0.0991	0.1829	0.0121	0.028	50
2005	5.0231	0.3181	0.1932	0.773	1.0256	1.2572	0.9183	0.4988	0.2274	0.1138	0	    0.0164	0	    50
2006	8.1576	0.1566	0.7611	1.9638	1.9099	1.8048	0.8168	0.3759	0.3472	0.1187	0.0185	0.0179	0.0234	50
2007	11.135	0.1248	0.2552	4.0943	3.2206	1.8403	1.1247	0.3351	0.1388	0.0681	0.0096	0.043	0.0054	50
2008	8.8964	0.1218	0.1183	0.7201	2.2009	3.0153	1.6469	0.7133	0.2689	0.0861	0.0595	0.0376	0.0298	50
2009	6.967	0.1238	0.3619	1.7867	0.6295	1.6853	1.3138	0.6746	0.3256	0.1184	0.0395	0.0101	0.021	50
2010	7.9845	0.1283	0.1566	1.7452	2.1569	1.0268	1.3844	0.9089	0.3509	0.1243	0.0826	0.0297	0.0181	50
2011	6.3848	0.1067	0.3986	0.7014	1.1905	1.0838	0.9104	0.6714	0.7161	0.3938	0.1838	0.0984	0.0367	50
2012	5.9963	0.1328	0.3614	0.7651	1.103	0.9783	0.9562	0.5244	0.5564	0.4372	0.1909	0.0511	0.0721	50
2013	4.2493	0.1186	0.2534	0.4368	1.1488	0.6109	0.3693	0.6778	0.1918	0.2474	0.1734	0.0886	0.0489	50
2014	8.9163	0.2102	0.5532	1.5603	1.6633	1.8796	1.055	0.4584	0.7678	0.2614	0.2605	0.263	0.194	50
2015	6.8064	0.1289	0.0651	2.0921	1.9945	1.1106	0.6439	0.2709	0.1664	0.25	0.0761	0.0615	0.0747	50
2016	9.7681	0.0935	0.486	0.7546	4.2384	1.9287	0.9483	0.451	0.165	0.2366	0.2502	0.1237	0.1852	50
2017	7.0949	0.1091	0.0563	0.4252	0.6031	3.3459	1.3616	0.527	0.3483	0.1143	0.0683	0.1169	0.1286	50
2018	6.0476	0.113	0.5106	0.1806	0.6447	0.6479	1.8715	0.8865	0.4079	0.2703	0.2028	0.1159	0.3095	50
2019	3.5527	0.1638	0.151	0.9571	0.259	0.6652	0.3169	0.6526	0.2511	0.1212	0.0469	0.0313	0.0994	50
# Index-2 NEFSC Fall
1980	14.9208	0.0891	0.8866	2.6263	2.9108	2.7567	1.5241	0.98	0.907	0.56	0.2957	0.1905	0.4786	50
1981	13.5713	0.1019	0.3972	3.1151	2.3086	2.4639	2.0882	1.4172	0.574	0.5134	0.0701	0.157	0.4615	50
1982	5.891	0.1402	0.219	0.9137	1.661	1.2558	0.5633	0.4798	0.2958	0.1649	0.1868	0.0726	0.1344	50
1983	9.4234	0.1196	0.5501	1.1705	2.0154	2.8862	1.3081	0.6636	0.3306	0.1712	0.0939	0.0281	0.1782	50
1984	7.1617	0.1735	0	    2.2004	1.573	1.2099	1.0577	0.5112	0.1218	0.1009	0	    0.028	0.0654	50
1985	7.1825	0.1232	1.0349	0.9557	2.7189	0.9805	0.7782	0.4059	0.1878	0.0502	0.0311	0	    0.0126	50
1986	5.9571	0.2034	0.5082	1.633	0.977	1.4759	0.4665	0.4188	0.1559	0.0966	0.0355	0.0133	0.0404	50
1987	5.0763	0.1093	0.6337	1.6776	1.222	0.4148	0.6573	0.2229	0.1029	0.0452	0.0391	0	    0.0232	50
1988	10.5433	0.2722	3.1439	3.4106	2.5079	0.7833	0.4694	0.1023	0.0351	0	    0.0279	0	    0.0239	50
1989	9.3312	0.1933	0.4596	4.6369	2.8192	0.9683	0.1703	0.0717	0.0137	0.023	0.0185	0.0169	0.0484	50
1990	16.0184	0.1488	1.5716	2.5547	7.7674	2.8473	0.5739	0.2443	0.114	0.0686	0.0212	0.0204	0.0403	50
1991	7.8016	0.1177	0.4926	2.6137	2.0215	1.5507	0.701	0.2831	0.0435	0.0625	0	    0.0101	0.0204	50
1992	6.6184	0.1675	0.6946	1.2163	2.0626	1.2973	0.7746	0.2981	0.0673	0.0485	0.0304	0.022	0.0373	50
1993	12.8876	0.1545	2.1704	2.7811	3.5328	2.3414	1.0342	0.7931	0.1094	0.0389	0.0366	0.043	0.043	50
1994	18.8738	0.1988	3.8676	8.2182	2.9518	1.6874	1.2774	0.3908	0.2484	0.1305	0.0127	0.0305	0.0457	50
1995	11.7662	0.1412	0.5258	3.7688	3.7879	2.476	0.8941	0.2109	0.0264	0.0261	0	    0	    0.0152	50
1996	7.6412	0.1357	0.5544	0.7979	2.0262	2.7805	0.9172	0.3817	0.0711	0.042	0.0323	0	    0.0304	50
1997	6.4696	0.1307	0.367	1.232	1.5003	1.8954	1.0651	0.3131	0.042	0.01	0.0121	0	    0.0153	50
1998	9.677	0.1466	1.8821	0.6566	2.0227	1.9753	1.8514	1.0857	0.113	0.046	0.0096	0.011	0.0231	50
1999	11.1698	0.1704	2.0651	2.2434	2.0903	2.1194	1.5685	0.8446	0.196	0.0264	0	    0	    0	    50
2000	12.7692	0.2097	0.5685	3.1804	4.0797	2.2114	1.4036	0.7088	0.3868	0.1323	0.0342	0.0311	0.0311	50
2001	10.3742	0.1924	0.4111	1.2671	3.2896	2.5819	1.4242	0.5291	0.3958	0.2554	0.1616	0.0242	0.0368	50
2002	9.9864	0.1672	1.1215	0.8081	1.3586	3.3939	1.7798	0.5308	0.3997	0.2795	0.1642	0.0613	0.1017	50
2003	9.518	0.2029	0.8216	2.3779	1.2458	1.7494	1.7492	0.8823	0.3383	0.1311	0.0558	0.0825	0.1092	50
2004	6.4118	0.0958	1.0623	1.2097	1.3288	1.1753	0.8082	0.485	0.1892	0.091	0.0299	0	    0.0233	50
2005	7.0081	0.1341	0.9846	2.0616	0.9653	1.388	0.7636	0.4413	0.1546	0.1118	0.0805	0.0354	0.057	50
2006	12.9185	0.1842	2.0513	2.8244	2.9832	2.463	1.3217	0.5569	0.4336	0.1763	0.0321	0.0407	0.0503	50
2007	12.3712	0.18	1.1309	3.8616	3.3097	2.4986	0.8831	0.4624	0.1496	0.0382	0.0188	0	    0	    50
2008	15.6688	0.1373	2.3544	1.9639	5.1835	3.1915	1.4249	0.9303	0.4164	0.0472	0.0684	0.0152	0.045	50
2009	7.9249	0.1522	1.6834	2.1252	1.1163	1.3424	1.0831	0.355	0.0891	0.051	0.0238	0.0274	0.0274	50
2010	7.0343	0.1217	1.0152	1.569	1.1321	0.8116	1.1521	0.7027	0.3389	0.0815	0.046	0.0437	0.058	50
2011	10.2758	0.2185	2.5509	1.3649	1.343	1.7898	0.7375	1.0006	0.8061	0.3736	0.1718	0.0322	0.1319	50
2012	5.6553	0.1627	0.8476	1.2115	0.8649	0.8512	0.6742	0.3733	0.3864	0.2449	0.1152	0.0267	0.0476	50
2013	5.7671	0.1067	1.13	1.359	1.0339	0.5765	0.3386	0.5385	0.1662	0.1049	0.1742	0.031	0.0349	50
2014	11.5069	0.1309	5.1951	2.2142	1.7304	0.965	0.2675	0.2046	0.5222	0.0859	0.1605	0.0926	0.1562	50
2015	11.4404	0.1198	0.7228	4.888	2.1723	1.4399	0.9967	0.3489	0.1775	0.278	0.103	0.0695	0.2576	50
2016	9.1311	0.1175	0.7302	0.5207	4.0171	1.619	0.7921	0.5696	0.1887	0.115	0.2357	0.1185	0.3338	50
2017	6.0947	0.1573	0.1586	1.3217	0.638	2.406	0.7733	0.2711	0.1347	0.1065	0.0333	0.0954	0.2137	50
2018	6.4596	0.115	0.9829	0.1723	1.3866	0.3537	2.1795	0.6294	0.2717	0.2255	0.0516	0.0639	0.1877	50
2019	4.9532	0.1392	0.5759	1.4473	0.295	0.9008	0.3786	0.8652	0.1379	0.1275	0.0505	0.0168	0.1304	50
# Index-3 MADMF Spring
1980	176.8148	0.1385	38.24517833	71.09267381	55.33632815	8.115022774	2.61022012	0.832211529	0.284937262	0.03243804	0.067727273	0.060117152	0.137965556	50
1981	123.187		0.2127	3.521205333	71.30395434	29.62924694	11.22140342	4.306722987	1.357743467	1.012038234	0.375053148	0.156137001	0.232776608	0.070678524	50
1982	100.74		0.1685	6.711658333	44.28844583	22.51169056	19.4641898	4.144731269	2.151333058	0.972229674	0.277974548	0.130663591	0.035162	0.051941333	50
1983	51.0435		0.2476	0			13.96131119	13.9804985	13.82007703	6.63591423	1.654097591	0.542858314	0.153800519	0.15067959	0.057184603	0.087068429	50
1984	50.8628		0.146	1.443995	17.84381209	17.41260745	8.90721003	3.591167715	1.220144702	0.209501342	0.085433333	0.021910833	0.0430375	0.01939		50
1985	67.8774		0.2115	20.53493	16.39095395	18.72186667	6.714147676	2.726019475	1.660338026	0.488038544	0.493453523	0.070951301	0.03878		0.037990833	50
1986	115.6208	0.1887	15.343415	67.718991	19.57362933	9.544872202	2.168129247	0.682939011	0.13449775	0.154226714	0.09336975	0.18033		0.02648		50
1987	81.1845		0.2656	41.9665795	17.09924665	15.53776081	3.938025839	1.897002184	0.586617686	0.128810667	0.02305		0			0.007426667	0			50
1988	159.6017	0.1749	70.6879915	66.41339216	14.45003173	6.580724547	1.024568648	0.344052837	0.097465714	0			0			0.003512857	0			50
1989	142.6139	0.1907	12.36294375	87.9005799	31.97556969	7.24805954	1.990495064	0.856561879	0.164058605	0.049279571	0.051136	0.009816	0.00536		50
1990	91.9526		0.1663	9.413465	21.31410342	45.10308372	12.72888957	2.732340359	0.358841548	0.06091		0.077076381	0.16393		0			0			50
1991	69.7775		0.1406	2.283988333	20.30835014	29.48492623	14.82275456	2.643151272	0.160726473	0.065527	0.008096	0			0			0			50
1992	69.3847		0.192	12.13467	7.678170747	30.6817982	12.15138617	5.661013028	0.819615959	0.257995898	0			0			0			0			50
1993	56.7274		0.1771	13.5		19.01295817	14.23878272	6.909126	2.256452138	0.697131244	0.084257735	0.0235095	0			0			0.0052025	50
1994	93.4733		0.1765	11.551015	55.69491552	15.81316967	6.385963136	2.960180051	0.685598123	0.3256785	0.039534	0.017226	0			0			50
1995	83.6837		0.1097	0.32888		31.92807554	40.07396478	8.482651679	2.21424841	0.436611947	0.096915571	0.016412074	0.07944		0.02648		0			50
1996	42.8457		0.1706	2.394725	2.908495599	13.40028729	19.41432834	3.579098991	0.634800512	0.506997606	0.006936667	0			0			0			50
1997	42.2715		0.1976	1.32851		8.150854349	11.52359229	11.72900571	7.854303006	1.516327902	0.162256743	0.00662		0			0			0			50
1998	31.2437		0.1657	3.66254		3.09445993	8.340742666	6.671622207	6.492413854	2.535611956	0.429823433	0.002364286	0.014091667	0			0			50
1999	37.6646		0.3081	1.268886667	9.042322835	8.347787719	10.14645569	4.653449575	2.827745971	1.119903295	0.252974248	0.005044	0			0			50
2000	91.4824		0.1751	3.09705		36.96316067	25.73566749	15.0081673	6.898981454	2.16913023	1.503013141	0.087154481	0.020065238	0			0			50
2001	43.5823		0.211	0.07945		4.381803341	19.9174573	12.63834055	3.554544866	1.689072223	0.75073987	0.325670896	0.153626046	0.071163958	0.020470952	50
2002	41.2989		0.2066	4.55643		3.709898894	10.23804549	15.80373964	4.808620135	1.154353003	0.549924099	0.275452419	0.150322181	0.052094143	0			50
2003	60.6828		0.1658	2.875225	24.06522167	7.077866774	11.38343735	10.54646416	2.907282937	0.663701161	0.802139784	0.185034333	0.0118225	0.164544333	50
2004	65.6637		0.1464	10.21692267	8.916631356	24.24354197	11.47624034	6.050092989	3.64846504	0.795649149	0.121969984	0.1560835	0.0319355	0.0061475	50
2005	56.5827		0.1676	6.404747333	14.7058158	19.39243449	7.866252006	5.121470229	1.974116497	0.744563066	0.354828083	0.0061475	0.0061475	0.0061475	50
2006	88.9382		0.1302	4.280571684	40.02781621	26.23349879	11.95969513	3.869645174	1.4812089	0.863557888	0.199299002	0.01013		0.012757222	0			50
2007	84.9151		0.2235	1.678142431	35.28854437	29.14554137	12.39944533	4.547156407	1.124384072	0.49752012	0.112909424	0.020521	0.100885476	0			50
2008	70.6701		0.1049	2.53789		8.683782322	25.57150083	21.86709408	8.270931275	2.600014263	0.734731386	0.200031663	0.101166111	0.044911404	0.058006667	50
2009	88.761		0.2215	2.785039714	30.21280285	13.59616156	22.20657367	12.4680537	4.655888675	1.772180713	0.821872874	0.129624832	0.011168237	0.101603175	50
2010	45.8745		0.1376	0.21388		9.914364394	15.51856799	6.573922624	7.900080173	3.880963398	1.359660742	0.307627749	0.15996003	0.036367897	0.009065	50
2011	38.5474		0.2715	1.023282857	3.94166484	8.897475242	8.619878804	6.57170614	3.409994577	3.66896243	1.548508652	0.533967887	0.258586034	0.073362536	50
2012	28.2761		0.3744	0.469202424	2.912337017	7.449556844	6.961864189	5.086129719	2.105832249	1.780272795	0.960264489	0.333695842	0.127262169	0.089642262	50
2013	26.8108		0.2667	0.103432222	3.192716746	12.74451854	4.281820613	1.882939956	2.729370398	0.649946388	0.575200603	0.460236498	0.103382989	0.087215042	50
2014	16.5427		0.2871	0.382838335	2.238747343	4.785123491	4.796272347	1.920657906	0.536248435	1.003902395	0.232841054	0.257454715	0.251914085	0.136669894	50
2015	38.3749		0.1096	1.22761		12.66190178	14.60584775	5.369734976	2.329628593	0.885663129	0.394057101	0.432368941	0.277227521	0.107162575	0.083697642	50
2016	27.58		0.3192	0.749723889	5.09676209	13.70307575	4.587487601	1.721148173	0.653166349	0.192583547	0.228601113	0.274961255	0.141962284	0.230557946	50
2017	18.0574		0.1789	0.0331		1.343142296	3.105687329	9.348964355	2.541562443	0.746150922	0.557763399	0.160228836	0.047155111	0.102532763	0.071092546	50
2018	11.2079		0.0915	1.136741667	0.49876		2.337235703	1.84068973	3.162160547	1.139687373	0.389050632	0.238490435	0.188593138	0.071123098	0.205357677	50
2019	9.4412		0.3559	0.483540385	4.100184841	0.910766921	1.937672056	0.662623774	0.891485739	0.265486435	0.07812047	0.023534575	0.034525287	0.053219517	50
# Index-4 MADMF Fall
1980	74.8149		0.1485	34.442	22.59	14.108	2.6206	0.6151	0.1084	0.0654	0.0371	0.033	0.0071	0.00615	50
1981	23.5323		0.2764	2.1744	12.164	5.344	2.6351	0.9458	0.1674	0.0388	0.0214	0.0051	0		0.00328	50
1982	46.7827		0.2294	12.826	16.602	10.394	5.1019	1.0807	0.4471	0.0986	0.0471	0.0389	0.007	0.03523	50
1983	79.2667		0.1956	43.226	16.629	9.2397	7.1946	1.2481	0.3076	0.1438	0.0395	0.0566	0		0.00834	50
1984	23.0551		0.2938	4.1113	11.064	4.4807	2.0984	0.8671	0.2575	0.0447	0.0214	0		0		0		50
1985	71.6644		0.1759	49.99	8.2815	11.948	1.2499	0.1269	0.0353	0.03	0.003	0		0		0		50
1986	73.8748		0.187	30.711	27.632	10.132	4.8475	0.3012	0.1287	0.0183	0		0		0		0		50
1987	71.0218		0.2927	49.368	16.999	3.4866	0.6025	0.2725	0.083	0.0155	0.0447	0		0		0		50
1988	145.1485	0.1847	92.808	38.196	12.271	1.2916	0.4894	0.0925	0		0		0		0		0		50
1989	170.6813	0.1505	48.973	90.817	28.641	2.0417	0.1598	0.0142	0.0142	0		0		0		0		50
1990	72.8607		0.1701	34.291	14.553	19.523	4.1416	0.2367	0.0417	0		0		0		0		0		50
1991	131.8771	0.1838	20.505	67.028	32.827	9.9864	1.0496	0.1445	0		0		0		0		0		50
1992	91.673		0.161	40.155	18.156	23.224	8.5241	1.3819	0.0054	0		0.0945	0		0		0		50
1993	117.7525	0.117	68.492	26.139	15.984	4.9958	1.4811	0.5749	0		0		0		0		0		50
1994	125.6327	0.1239	41.598	68.715	10.681	2.899	1.3676	0.2381	0.1336	0		0		0		0		50
1995	66.8632		0.1334	8.7971	36.464	17.807	3.0422	0.6147	0.036	0		0		0		0		0		50
1996	66.1958		0.1026	15.124	14.453	22.809	12.082	1.2099	0.2565	0.0397	0.0812	0		0		0		50
1997	43.2498		0.1065	7.3879	16.547	11.259	6.6322	1.1639	0.2562	0.0042	0		0		0		0		50
1998	44.3996		0.1444	25.807	3.8547	8.2787	3.841	2.0642	0.3985	0.0098	0		0		0		0		50
1999	64.0404		0.1622	19.411	22.456	13.384	6.4065	1.6413	0.6645	0.0282	0		0		0		0		50
2000	58.1562		0.146	25.479	27.824	15.586	3.7055	1.3424	0.4275	0.2125	0.0391	0.0185	0		0		50
2001	66.3511		0.059	3.7107	16.856	31.865	10.338	2.7753	0.3619	0.2606	0.1204	0.0623	0		0		50
2002	66.8239		0.0983	26.541	8.6962	11.508	14.449	3.8682	0.7282	0.393	0.2685	0.0917	0.0118	0.04613	50
2003	59.3716		0.1904	16.312	23.199	9.7692	5.8397	3.3668	0.3732	0.4063	0.0611	0.0343	0.0104	0		50
2004	81.9604		0.1604	42.204	19.093	9.873	6.5723	2.9408	0.92	0.1623	0.1118	0.0147	0		0.04414	50
2005	95.4013		0.1301	27.493	39.113	12.464	10.348	4.1468	1.4376	0.2019	0.1726	0		0		0.02393	50
2006	73.0686		0.1877	10.997	29.03	16.638	10.124	3.9456	1.2469	0.8691	0.1155	0.034	0.0681	0		50
2007	55.4117		0.121	6.2896	19.494	15.826	9.6904	2.2967	1.2304	0.3275	0.0856	0.0422	0		0		50
2008	55.2947		0.1111	12.05	7.6461	17.646	10.12	4.2759	2.2751	0.8981	0.0791	0.1379	0.0059	0.03197	50
2009	51.3499		0.1213	7.6278	17.091	10.407	8.6982	5.8033	0.9986	0.2285	0.1165	0.0576	0.0507	0		50
2010	38.7587		0.1411	5.3439	9.2132	8.2973	5.2085	6.1379	2.8865	1.1947	0.1618	0.12	0.1374	0.04099	50
2011	60.8884		0.16	15.478	10.24	9.9765	12.416	3.4057	4.0896	2.9081	1.3626	0.5603	0.1065	0.268	50
2012	15.2916		0.1619	1.2561	6.273	3.2861	2.073	1.2398	0.4649	0.3537	0.2196	0.0871	0.013	0.01293	50
2013	16.5756		0.2068	2.6933	6.5527	4.0369	1.3965	0.4789	0.9625	0.2275	0.012	0.1305	0.0288	0		50
2014	18.3759		0.1306	12.642	3.7314	1.1582	0.4397	0.0789	0.0733	0.1536	0.0222	0.0537	0.0133	0.00968	50
2015	31.8064		0.0876	5.8483	18.288	4.2603	1.7578	0.9476	0.2871	0.114	0.1798	0.0333	0.0306	0.04889	50
2016	17.9522		0.1329	3.1107	3.1368	7.9644	1.8495	0.7248	0.5059	0.1364	0.0737	0.1968	0.106	0.14728	50
2017	15.7109		0.1513	0.2108	8.3276	2.365	3.9714	0.504	0.1615	0.0636	0.0972	0		0.003	0.00679	50
2018	11.508		0.1998	9.5583	0.5732	0.7476	0.0993	0.3828	0.0765	0.0302	0.0281	0.0021	0.0078	0.00208	50
2019	1.0812		0.441	0.2068	0.3595	0.1057	0.2197	0.04	0.102	0.0012	0.0024	0		0		0		50
# Index-5 VAST NEFSC Spring
1980	1.624261	1.600079	0	0	0	0	0	0	0	0	0	0	0	50
1981	2.418923	1.871004	0	0	0	0	0	0	0	0	0	0	0	50
1982	1.690856	1.646705	0	0	0	0	0	0	0	0	0	0	0	50
1983	1.527177	1.327113	0	0	0	0	0	0	0	0	0	0	0	50
1984	0.959487	0.991291	0	0	0	0	0	0	0	0	0	0	0	50
1985	1.093316	1.590513	0	0	0	0	0	0	0	0	0	0	0	50
1986	1.042059	1.421661	0	0	0	0	0	0	0	0	0	0	0	50
1987	0.767504	1.228417	0	0	0	0	0	0	0	0	0	0	0	50
1988	0.687287	0.942532	0	0	0	0	0	0	0	0	0	0	0	50
1989	0.805628	1.304961	0	0	0	0	0	0	0	0	0	0	0	50
1990	0.898579	1.556235	0	0	0	0	0	0	0	0	0	0	0	50
1991	1.073016	1.236569	0	0	0	0	0	0	0	0	0	0	0	50
1992	1.059383	1.223824	0	0	0	0	0	0	0	0	0	0	0	50
1993	0.934029	0.950905	0	0	0	0	0	0	0	0	0	0	0	50
1994	0.788793	0.968371	0	0	0	0	0	0	0	0	0	0	0	50
1995	1.098643	1.143647	0	0	0	0	0	0	0	0	0	0	0	50
1996	0.975598	1.079366	0	0	0	0	0	0	0	0	0	0	0	50
1997	1.140711	1.121196	0	0	0	0	0	0	0	0	0	0	0	50
1998	1.004591	1.131597	0	0	0	0	0	0	0	0	0	0	0	50
1999	1.040635	1.029118	0	0	0	0	0	0	0	0	0	0	0	50
2000	1.184818	1.105557	0	0	0	0	0	0	0	0	0	0	0	50
2001	0.964289	1.008601	0	0	0	0	0	0	0	0	0	0	0	50
2002	1.096379	0.975166	0	0	0	0	0	0	0	0	0	0	0	50
2003	0.936009	0.956578	0	0	0	0	0	0	0	0	0	0	0	50
2004	0.752346	0.727725	0	0	0	0	0	0	0	0	0	0	0	50
2005	0.55937		0.622829	0	0	0	0	0	0	0	0	0	0	0	50
2006	0.659254	0.643345	0	0	0	0	0	0	0	0	0	0	0	50
2007	0.725428	0.739291	0	0	0	0	0	0	0	0	0	0	0	50
2008	0.727831	1.018336	0	0	0	0	0	0	0	0	0	0	0	50
2009	0.55798		0.388646	0	0	0	0	0	0	0	0	0	0	0	50
2010	0.58575		0.441252	0	0	0	0	0	0	0	0	0	0	0	50
2011	0.567933	0.429594	0	0	0	0	0	0	0	0	0	0	0	50
2012	0.543376	0.447061	0	0	0	0	0	0	0	0	0	0	0	50
2013	0.388871	0.334708	0	0	0	0	0	0	0	0	0	0	0	50
2014	0.427818	0.320441	0	0	0	0	0	0	0	0	0	0	0	50
2015	0.44909		0.357784	0	0	0	0	0	0	0	0	0	0	0	50
2016	0.527824	0.406572	0	0	0	0	0	0	0	0	0	0	0	50
2017	0.5907		0.489465	0	0	0	0	0	0	0	0	0	0	0	50
2018	0.445133	0.552009	0	0	0	0	0	0	0	0	0	0	0	50
2019	0.396822	0.330425	0	0	0	0	0	0	0	0	0	0	0	50
# Index-6 VAST NEFSC Fall
1980	1.349011	1.145832	0	0	0	0	0	0	0	0	0	0	0	50
1981	1.43331		1.257948	0	0	0	0	0	0	0	0	0	0	0	50
1982	0.954704	1.274154	0	0	0	0	0	0	0	0	0	0	0	50
1983	1.097789	1.126495	0	0	0	0	0	0	0	0	0	0	0	50
1984	0.920103	1.013718	0	0	0	0	0	0	0	0	0	0	0	50
1985	1.037945	1.226113	0	0	0	0	0	0	0	0	0	0	0	50
1986	0.823297	1.028957	0	0	0	0	0	0	0	0	0	0	0	50
1987	0.800822	0.91667		0	0	0	0	0	0	0	0	0	0	0	50
1988	0.779186	0.805012	0	0	0	0	0	0	0	0	0	0	0	50
1989	0.827311	0.886011	0	0	0	0	0	0	0	0	0	0	0	50
1990	1.19694		1.378484	0	0	0	0	0	0	0	0	0	0	0	50
1991	1.1004		1.287161	0	0	0	0	0	0	0	0	0	0	0	50
1992	0.827903	1.128918	0	0	0	0	0	0	0	0	0	0	0	50
1993	1.111615	1.351101	0	0	0	0	0	0	0	0	0	0	0	50
1994	0.891352	0.908294	0	0	0	0	0	0	0	0	0	0	0	50
1995	0.935462	0.929544	0	0	0	0	0	0	0	0	0	0	0	50
1996	0.965012	0.898966	0	0	0	0	0	0	0	0	0	0	0	50
1997	0.886367	1.052922	0	0	0	0	0	0	0	0	0	0	0	50
1998	0.999327	1.106287	0	0	0	0	0	0	0	0	0	0	0	50
1999	0.961153	0.918963	0	0	0	0	0	0	0	0	0	0	0	50
2000	1.028852	1.333292	0	0	0	0	0	0	0	0	0	0	0	50
2001	1.043338	1.153067	0	0	0	0	0	0	0	0	0	0	0	50
2002	0.88284		1.229494	0	0	0	0	0	0	0	0	0	0	0	50
2003	0.999823	1.210467	0	0	0	0	0	0	0	0	0	0	0	50
2004	0.727202	0.790938	0	0	0	0	0	0	0	0	0	0	0	50
2005	0.676107	0.678622	0	0	0	0	0	0	0	0	0	0	0	50
2006	0.702584	0.722012	0	0	0	0	0	0	0	0	0	0	0	50
2007	0.678854	0.656515	0	0	0	0	0	0	0	0	0	0	0	50
2008	0.767731	0.676461	0	0	0	0	0	0	0	0	0	0	0	50
2009	0.900728	0.798118	0	0	0	0	0	0	0	0	0	0	0	50
2010	0.839195	0.724847	0	0	0	0	0	0	0	0	0	0	0	50
2011	0.959889	0.81618		0	0	0	0	0	0	0	0	0	0	0	50
2012	0.812324	0.65177		0	0	0	0	0	0	0	0	0	0	0	50
2013	0.699995	0.590815	0	0	0	0	0	0	0	0	0	0	0	50
2014	0.783307	0.752905	0	0	0	0	0	0	0	0	0	0	0	50
2015	1.115086	0.873041	0	0	0	0	0	0	0	0	0	0	0	50
2016	1.195558	0.937184	0	0	0	0	0	0	0	0	0	0	0	50
2017	0.843828	0.935084	0	0	0	0	0	0	0	0	0	0	0	50
2018	0.592853	0.709316	0	0	0	0	0	0	0	0	0	0	0	50
2019	0.652559	0.652077	0	0	0	0	0	0	0	0	0	0	0	50
# Index-7 VAST MADMF Spring
1980	-999	-999	-999	-999	-999	-999	-999	-999	-999	-999	-999	-999	-999	0
1981	2.327943	4.302472	0	0	0	0	0	0	0	0	0	0	0	50
1982	1.340192	1.064761	0	0	0	0	0	0	0	0	0	0	0	50
1983	1.647719	1.49189		0	0	0	0	0	0	0	0	0	0	0	50
1984	0.777865	0.620473	0	0	0	0	0	0	0	0	0	0	0	50
1985	1.013616	1.226475	0	0	0	0	0	0	0	0	0	0	0	50
1986	1.285097	1.495114	0	0	0	0	0	0	0	0	0	0	0	50
1987	0.625166	0.938826	0	0	0	0	0	0	0	0	0	0	0	50
1988	0.703186	0.893353	0	0	0	0	0	0	0	0	0	0	0	50
1989	1.002461	1.043385	0	0	0	0	0	0	0	0	0	0	0	50
1990	1.489129	1.608023	0	0	0	0	0	0	0	0	0	0	0	50
1991	1.142058	0.930206	0	0	0	0	0	0	0	0	0	0	0	50
1992	1.207099	1.124156	0	0	0	0	0	0	0	0	0	0	0	50
1993	0.81407		0.718873	0	0	0	0	0	0	0	0	0	0	0	50
1994	0.818204	0.881112	0	0	0	0	0	0	0	0	0	0	0	50
1995	1.163848	1.242536	0	0	0	0	0	0	0	0	0	0	0	50
1996	1.037891	1.028076	0	0	0	0	0	0	0	0	0	0	0	50
1997	0.981061	1.008685	0	0	0	0	0	0	0	0	0	0	0	50
1998	0.824507	0.912873	0	0	0	0	0	0	0	0	0	0	0	50
1999	0.971848	0.810481	0	0	0	0	0	0	0	0	0	0	0	50
2000	1.313073	1.251825	0	0	0	0	0	0	0	0	0	0	0	50
2001	1.146519	1.045525	0	0	0	0	0	0	0	0	0	0	0	50
2002	0.971602	0.799269	0	0	0	0	0	0	0	0	0	0	0	50
2003	0.994313	0.865554	0	0	0	0	0	0	0	0	0	0	0	50
2004	1.180381	0.856487	0	0	0	0	0	0	0	0	0	0	0	50
2005	0.829412	0.917812	0	0	0	0	0	0	0	0	0	0	0	50
2006	0.979842	0.672077	0	0	0	0	0	0	0	0	0	0	0	50
2007	1.182247	1.049126	0	0	0	0	0	0	0	0	0	0	0	50
2008	1.278099	1.087455	0	0	0	0	0	0	0	0	0	0	0	50
2009	0.980138	0.633483	0	0	0	0	0	0	0	0	0	0	0	50
2010	0.823838	0.525963	0	0	0	0	0	0	0	0	0	0	0	50
2011	0.922947	0.760455	0	0	0	0	0	0	0	0	0	0	0	50
2012	0.796677	0.741679	0	0	0	0	0	0	0	0	0	0	0	50
2013	0.564575	0.499164	0	0	0	0	0	0	0	0	0	0	0	50
2014	0.955047	1.044974	0	0	0	0	0	0	0	0	0	0	0	50
2015	0.641366	0.5846		0	0	0	0	0	0	0	0	0	0	0	50
2016	0.880293	0.829365	0	0	0	0	0	0	0	0	0	0	0	50
2017	0.632193	0.561097	0	0	0	0	0	0	0	0	0	0	0	50
2018	0.445277	0.522851	0	0	0	0	0	0	0	0	0	0	0	50
2019	0.309202	0.409472	0	0	0	0	0	0	0	0	0	0	0	50
# Index-8 VAST MADMF Fall
1980	-999	-999	-999	-999	-999	-999	-999	-999	-999	-999	-999	-999	-999	0
1981	1.248376	2.306377	0	0	0	0	0	0	0	0	0	0	0	50
1982	0.85485		1.044241	0	0	0	0	0	0	0	0	0	0	0	50
1983	0.687318	0.487941	0	0	0	0	0	0	0	0	0	0	0	50
1984	0.656948	1.291882	0	0	0	0	0	0	0	0	0	0	0	50
1985	0.890176	0.753947	0	0	0	0	0	0	0	0	0	0	0	50
1986	0.906877	0.581808	0	0	0	0	0	0	0	0	0	0	0	50
1987	0.790668	0.647817	0	0	0	0	0	0	0	0	0	0	0	50
1988	1.291147	0.976832	0	0	0	0	0	0	0	0	0	0	0	50
1989	1.614406	1.267994	0	0	0	0	0	0	0	0	0	0	0	50
1990	1.371869	1.162966	0	0	0	0	0	0	0	0	0	0	0	50
1991	2.663834	3.161296	0	0	0	0	0	0	0	0	0	0	0	50
1992	0.99557		1.493309	0	0	0	0	0	0	0	0	0	0	0	50
1993	1.181864	0.910062	0	0	0	0	0	0	0	0	0	0	0	50
1994	1.224372	0.896434	0	0	0	0	0	0	0	0	0	0	0	50
1995	1.316591	1.334134	0	0	0	0	0	0	0	0	0	0	0	50
1996	0.891975	0.575474	0	0	0	0	0	0	0	0	0	0	0	50
1997	0.741817	0.726483	0	0	0	0	0	0	0	0	0	0	0	50
1998	0.87901		0.916169	0	0	0	0	0	0	0	0	0	0	0	50
1999	1.133941	0.764463	0	0	0	0	0	0	0	0	0	0	0	50
2000	1.120819	0.834185	0	0	0	0	0	0	0	0	0	0	0	50
2001	1.598404	1.392041	0	0	0	0	0	0	0	0	0	0	0	50
2002	1.051431	0.745894	0	0	0	0	0	0	0	0	0	0	0	50
2003	0.751734	1.079332	0	0	0	0	0	0	0	0	0	0	0	50
2004	0.87468		0.673456	0	0	0	0	0	0	0	0	0	0	0	50
2005	1.085783	0.79024		0	0	0	0	0	0	0	0	0	0	0	50
2006	0.942384	0.685649	0	0	0	0	0	0	0	0	0	0	0	50
2007	1.062805	0.797368	0	0	0	0	0	0	0	0	0	0	0	50
2008	1.072403	0.805439	0	0	0	0	0	0	0	0	0	0	0	50
2009	0.724269	0.7995		0	0	0	0	0	0	0	0	0	0	0	50
2010	0.658924	0.926774	0	0	0	0	0	0	0	0	0	0	0	50
2011	1.312462	0.831557	0	0	0	0	0	0	0	0	0	0	0	50
2012	0.841484	0.865414	0	0	0	0	0	0	0	0	0	0	0	50
2013	0.471284	0.850335	0	0	0	0	0	0	0	0	0	0	0	50
2014	0.819252	1.066174	0	0	0	0	0	0	0	0	0	0	0	50
2015	0.917519	1.096048	0	0	0	0	0	0	0	0	0	0	0	50
2016	1.034839	1.391857	0	0	0	0	0	0	0	0	0	0	0	50
2017	0.621334	0.676274	0	0	0	0	0	0	0	0	0	0	0	50
2018	0.272298	0.563985	0	0	0	0	0	0	0	0	0	0	0	50
2019	0.424283	0.828847	0	0	0	0	0	0	0	0	0	0	0	50
# Index-9 VAST MENH Spring
1980	-999	-999	-999	-999	-999	-999	-999	-999	-999	-999	-999	-999	-999	0
1981	-999	-999	-999	-999	-999	-999	-999	-999	-999	-999	-999	-999	-999	0
1982	-999	-999	-999	-999	-999	-999	-999	-999	-999	-999	-999	-999	-999	0
1983	-999	-999	-999	-999	-999	-999	-999	-999	-999	-999	-999	-999	-999	0
1984	-999	-999	-999	-999	-999	-999	-999	-999	-999	-999	-999	-999	-999	0
1985	-999	-999	-999	-999	-999	-999	-999	-999	-999	-999	-999	-999	-999	0
1986	-999	-999	-999	-999	-999	-999	-999	-999	-999	-999	-999	-999	-999	0
1987	-999	-999	-999	-999	-999	-999	-999	-999	-999	-999	-999	-999	-999	0
1988	-999	-999	-999	-999	-999	-999	-999	-999	-999	-999	-999	-999	-999	0
1989	-999	-999	-999	-999	-999	-999	-999	-999	-999	-999	-999	-999	-999	0
1990	-999	-999	-999	-999	-999	-999	-999	-999	-999	-999	-999	-999	-999	0
1991	-999	-999	-999	-999	-999	-999	-999	-999	-999	-999	-999	-999	-999	0
1992	-999	-999	-999	-999	-999	-999	-999	-999	-999	-999	-999	-999	-999	0
1993	-999	-999	-999	-999	-999	-999	-999	-999	-999	-999	-999	-999	-999	0
1994	-999	-999	-999	-999	-999	-999	-999	-999	-999	-999	-999	-999	-999	0
1995	-999	-999	-999	-999	-999	-999	-999	-999	-999	-999	-999	-999	-999	0
1996	-999	-999	-999	-999	-999	-999	-999	-999	-999	-999	-999	-999	-999	0
1997	-999	-999	-999	-999	-999	-999	-999	-999	-999	-999	-999	-999	-999	0
1998	-999	-999	-999	-999	-999	-999	-999	-999	-999	-999	-999	-999	-999	0
1999	-999	-999	-999	-999	-999	-999	-999	-999	-999	-999	-999	-999	-999	0
2000	1.223384	1.579235	0	0	0	0	0	0	0	0	0	0	0	50
2001	1.275947	1.724331	0	0	0	0	0	0	0	0	0	0	0	50
2002	1.012194	1.552743	0	0	0	0	0	0	0	0	0	0	0	50
2003	1.06674		1.480871	0	0	0	0	0	0	0	0	0	0	0	50
2004	0.856461	0.885575	0	0	0	0	0	0	0	0	0	0	0	50
2005	0.701249	0.601323	0	0	0	0	0	0	0	0	0	0	0	50
2006	0.68627		0.649802	0	0	0	0	0	0	0	0	0	0	0	50
2007	0.684737	0.693931	0	0	0	0	0	0	0	0	0	0	0	50
2008	0.802997	0.81327		0	0	0	0	0	0	0	0	0	0	0	50
2009	0.902161	0.83649		0	0	0	0	0	0	0	0	0	0	0	50
2010	0.980254	0.786827	0	0	0	0	0	0	0	0	0	0	0	50
2011	1.172387	0.989934	0	0	0	0	0	0	0	0	0	0	0	50
2012	0.997499	0.693486	0	0	0	0	0	0	0	0	0	0	0	50
2013	0.850128	0.724433	0	0	0	0	0	0	0	0	0	0	0	50
2014	0.862691	0.874967	0	0	0	0	0	0	0	0	0	0	0	50
2015	1.248387	1.019044	0	0	0	0	0	0	0	0	0	0	0	50
2016	1.619197	1.219892	0	0	0	0	0	0	0	0	0	0	0	50
2017	1.237792	1.199774	0	0	0	0	0	0	0	0	0	0	0	50
2018	0.900691	0.793266	0	0	0	0	0	0	0	0	0	0	0	50
2019	0.918835	0.880808	0	0	0	0	0	0	0	0	0	0	0	50
# Index-10 VAST MENH Fall 
1980	-999	-999	-999	-999	-999	-999	-999	-999	-999	-999	-999	-999	-999	0
1981	-999	-999	-999	-999	-999	-999	-999	-999	-999	-999	-999	-999	-999	0
1982	-999	-999	-999	-999	-999	-999	-999	-999	-999	-999	-999	-999	-999	0
1983	-999	-999	-999	-999	-999	-999	-999	-999	-999	-999	-999	-999	-999	0
1984	-999	-999	-999	-999	-999	-999	-999	-999	-999	-999	-999	-999	-999	0
1985	-999	-999	-999	-999	-999	-999	-999	-999	-999	-999	-999	-999	-999	0
1986	-999	-999	-999	-999	-999	-999	-999	-999	-999	-999	-999	-999	-999	0
1987	-999	-999	-999	-999	-999	-999	-999	-999	-999	-999	-999	-999	-999	0
1988	-999	-999	-999	-999	-999	-999	-999	-999	-999	-999	-999	-999	-999	0
1989	-999	-999	-999	-999	-999	-999	-999	-999	-999	-999	-999	-999	-999	0
1990	-999	-999	-999	-999	-999	-999	-999	-999	-999	-999	-999	-999	-999	0
1991	-999	-999	-999	-999	-999	-999	-999	-999	-999	-999	-999	-999	-999	0
1992	-999	-999	-999	-999	-999	-999	-999	-999	-999	-999	-999	-999	-999	0
1993	-999	-999	-999	-999	-999	-999	-999	-999	-999	-999	-999	-999	-999	0
1994	-999	-999	-999	-999	-999	-999	-999	-999	-999	-999	-999	-999	-999	0
1995	-999	-999	-999	-999	-999	-999	-999	-999	-999	-999	-999	-999	-999	0
1996	-999	-999	-999	-999	-999	-999	-999	-999	-999	-999	-999	-999	-999	0
1997	-999	-999	-999	-999	-999	-999	-999	-999	-999	-999	-999	-999	-999	0
1998	-999	-999	-999	-999	-999	-999	-999	-999	-999	-999	-999	-999	-999	0
1999	-999	-999	-999	-999	-999	-999	-999	-999	-999	-999	-999	-999	-999	0
2000	1.223384	1.579235	0	0	0	0	0	0	0	0	0	0	0	50
2001	1.275947	1.724331	0	0	0	0	0	0	0	0	0	0	0	50
2002	1.012194	1.552743	0	0	0	0	0	0	0	0	0	0	0	50
2003	1.06674		1.480871	0	0	0	0	0	0	0	0	0	0	0	50
2004	0.856461	0.885575	0	0	0	0	0	0	0	0	0	0	0	50
2005	0.701249	0.601323	0	0	0	0	0	0	0	0	0	0	0	50
2006	0.68627		0.649802	0	0	0	0	0	0	0	0	0	0	0	50
2007	0.684737	0.693931	0	0	0	0	0	0	0	0	0	0	0	50
2008	0.802997	0.81327		0	0	0	0	0	0	0	0	0	0	0	50
2009	0.902161	0.83649		0	0	0	0	0	0	0	0	0	0	0	50
2010	0.980254	0.786827	0	0	0	0	0	0	0	0	0	0	0	50
2011	1.172387	0.989934	0	0	0	0	0	0	0	0	0	0	0	50
2012	0.997499	0.693486	0	0	0	0	0	0	0	0	0	0	0	50
2013	0.850128	0.724433	0	0	0	0	0	0	0	0	0	0	0	50
2014	0.862691	0.874967	0	0	0	0	0	0	0	0	0	0	0	50
2015	1.248387	1.019044	0	0	0	0	0	0	0	0	0	0	0	50
2016	1.619197	1.219892	0	0	0	0	0	0	0	0	0	0	0	50
2017	1.237792	1.199774	0	0	0	0	0	0	0	0	0	0	0	50
2018	0.900691	0.793266	0	0	0	0	0	0	0	0	0	0	0	50
2019	0.918835	0.880808	0	0	0	0	0	0	0	0	0	0	0	50
# Index-11 VAST All Spring - updated VAST run with raw survey units (including NEFSC Bigelow units for 2009-2019)
1980	837.2780367	0.113685991	0.029784849	0.21517407	0.508756363	0.595406758	0.766485388	0.768352305	0.476055601	0.492826851	0.072434146	0.045917846	0.437736868	50
1981	1348.564408	0.101098731	0.077794313	0.32330648	0.618408232	0.703334922	0.888833898	0.89734708	0.732630102	0.739635583	0.431390077	0.127392028	0.092426595	50
1982	762.0418944	0.111283483	0.040197259	0.247674431	0.498704993	0.517989517	0.575031616	0.834719238	0.589349134	0.152170546	0.201602189	0.137340004	0.217142336	50
1983	661.6423903	0.103925525	0.038278476	0.303933971	0.598976075	0.485931595	0.506976582	0.550646897	0.525255678	0.278190644	0.19920144	0.160827827	0.026331938	50
1984	269.3759344	0.106155871	0.025298862	0.126586412	0.27534722	0.282460656	0.319024032	0.355393174	0.344299257	0.133727516	0.236772989	0.042203939	0.073446382	50
1985	350.2312843	0.110392038	0.020116661	0.095233965	0.234236478	0.328040076	0.317891592	0.431632094	0.416555398	0.388069282	0.17134924	0.053087849	0.21323713	50
1986	252.6018677	0.11261342	0.026710534	0.152369361	0.304833985	0.23661818	0.231874821	0.297425939	0.323721139	0.115076776	0.109068535	0.037715307	0.087765706	50
1987	220.7581731	0.120579831	0.045441215	0.174861004	0.291175178	0.210320745	0.219033188	0.224641937	0.251540217	0.100482003	0.112795126	0.048640691	0.049602659	50
1988	204.5929086	0.122400352	0.026823385	0.183669725	0.237806151	0.260349234	0.19270942	0.156869328	0.200815571	0.032406604	0.09367467	0.036766925	0.03514965	50
1989	271.7240548	0.116068629	0.031245304	0.166856722	0.322269853	0.29629034	0.222995821	0.215953291	0.095506406	0.033787103	0.101823404	0.065276483	0.02468549	50
1990	283.0788861	0.111956178	0.024827086	0.182116203	0.287377021	0.286277703	0.227622005	0.131816217	0.092287709	0.036819463	0.061075274	0.043387296	0.028301554	50
1991	328.8117694	0.114567734	0.020873656	0.152573825	0.38835595	0.397994121	0.298192975	0.165497989	0.037631702	0.17203687	0.055946245	0.040765749	0.037791199	50
1992	303.6439699	0.120974826	0.016257637	0.114593022	0.330037208	0.467488607	0.468933376	0.299079097	0.124316766	0.173364561	0.10898393	0.043383722	0.045177501	50
1993	242.3256737	0.108014071	0.021996672	0.159149941	0.33449317	0.237515254	0.329002118	0.332996856	0.162467196	0.159160098	0.103030339	0.038715544	0.022696925	50
1994	243.9050963	0.110453743	0.038440271	0.173988962	0.372413571	0.357050495	0.247683501	0.168159901	0.081817652	0.186957212	0.121953896	0.05097254	0.061772388	50
1995	383.796401	0.112961769	0.031522662	0.187554647	0.403279668	0.407714616	0.322748831	0.231358845	0.062094913	0.140030123	0.150222764	0.048520954	0.063272817	50
1996	303.0701628	0.102245745	0.017156945	0.125925743	0.392390698	0.396107946	0.325062892	0.14588598	0.139154022	0.183557402	0.11648646	0.046052502	0.227405895	50
1997	262.7320772	0.110985806	0.02548267	0.149537597	0.331495336	0.359679093	0.354587072	0.245786378	0.10727622	0.196784927	0.057641958	0.051122199	0.027231205	50
1998	230.2860543	0.101738354	0.011645384	0.099882804	0.213597385	0.316766099	0.297981641	0.242627896	0.114013903	0.023929388	0.032086763	0.047288289	0.027365487	50
1999	274.2296928	0.124326743	0.020498566	0.089638265	0.248790659	0.348866285	0.259448587	0.239320316	0.228468071	0.05532025	0.118572107	0.047250818	0.027991897	50
2000	389.4758128	0.109130176	0.046092116	0.190125872	0.33225275	0.460981981	0.384789538	0.270149735	0.226266394	0.062397852	0.115796208	0.044951385	0.026077596	50
2001	373.0636967	0.116397503	0.025628591	0.169472259	0.393199103	0.374816184	0.315501654	0.213965782	0.121621765	0.06334702	0.046998959	0.036446155	0.079610245	50
2002	261.7193767	0.110952844	0.035686388	0.196986531	0.387917968	0.510370393	0.328441357	0.310786458	0.154193895	0.057131436	0.062225078	0.04068877	0.014402853	50
2003	261.8466266	0.12258309	0.048559209	0.175059357	0.331416446	0.350295054	0.342921455	0.260212673	0.291980199	0.125527348	0.187628217	0.017424867	0.029701871	50
2004	210.4316223	0.106529994	0.017452694	0.089439725	0.184282554	0.33244244	0.24036124	0.177040225	0.041608208	0.103997727	0.100111212	0.092646256	0.023191888	50
2005	146.7913024	0.114030624	0.018995388	0.10236186	0.268581546	0.319356415	0.241139547	0.163856603	0.149255464	0.082157638	0.036579189	0.044853753	0.084305169	50
2006	226.1270625	0.106368807	0.064502754	0.193091327	0.304081545	0.280456123	0.193515733	0.160536686	0.107422804	0.040781205	0.047125642	0.011876802	0.02771498	50
2007	262.9410683	0.105851763	0.062434418	0.244907446	0.358322317	0.36473043	0.231394744	0.123718157	0.099918528	0.18259957	0.09865886	0.038618718	0.171252944	50
2008	325.1956643	0.154796391	0.049581302	0.206273863	0.346294777	0.397484525	0.287187141	0.085509498	0.07849464	0.070608637	0.071476903	0.044238208	0.057686493	50
2009	403.3784957	0.090837864	0.057715229	0.196633897	0.304907831	0.324953076	0.336376982	0.143764239	0.039856549	0.029039674	0.058428272	0.005530596	0.026985203	50
2010	328.1695423	0.097655098	0.068879652	0.221464277	0.4437102	0.333157415	0.213686144	0.125464803	0.145767007	0.047011369	0.008657235	0.007288456	0.001678942	50
2011	335.2058653	0.097301091	0.041094958	0.098545866	0.243712026	0.286769942	0.301875809	0.175970188	0.110024745	0.119321845	0.061290451	0.029597362	0.004976287	50
2012	326.3695199	0.092792298	0.021462022	0.102708575	0.2594683	0.272349106	0.282757963	0.168121581	0.159468122	0.070301162	0.030600384	0.054743603	0.003917614	50
2013	224.0212082	0.105906297	0.028719485	0.144986734	0.314843141	0.313081807	0.196438322	0.098059128	0.147003714	0.058933134	0.024736025	0.022400103	0.042862628	50
2014	341.391295	0.115393086	0.028157941	0.11862289	0.296317257	0.316321925	0.316870029	0.200496506	0.134639224	0.07432217	0.111273529	0.075600974	0.016209328	50
2015	402.1726307	0.107348064	0.049880612	0.224666377	0.323480522	0.292878037	0.2137702	0.135953735	0.061273805	0.00407694	0.034992384	0.011935267	0.040969977	50
2016	531.9107594	0.108239113	0.034905414	0.311211892	0.526411888	0.430525359	0.275596404	0.217971728	0.117906377	0.169513813	0.108190451	0.022205726	0.013143556	50
2017	511.8380993	0.127919914	0.015675598	0.153923455	0.518931839	0.651578098	0.32209411	0.128407557	0.050937013	0.095714661	0.047844858	0.02185316	0.033761238	50
2018	371.4209886	0.143121213	0.028308763	0.16476804	0.338395952	0.550624189	0.513150255	0.213745891	0.129384699	0.064712095	0.105069532	0.018473287	0.222159018	50
2019	230.2426355	0.112391344	0.068443392	0.180933797	0.385362055	0.385734897	0.354588782	0.17940421	0.105576113	0.076644823	0.047048457	0.016623625	0.043030385	50
# Index-12 VAST All Fall - updated VAST run with raw survey units (including NEFSC Bigelow units for 2009-2019)
1980	871.7779461	0.112955622	0.204496163	0.328533622	0.535061926	0.71602015	0.863483216	0.863637424	0.683552628	0.451251845	0.102765794	0.827168889	0.009116472	50
1981	696.2147643	0.1119277	0.201213388	0.392016369	0.49879539	0.707929272	0.916945896	0.845713311	0.676857884	0.315841106	0.263128385	0.55665051	0.010187456	50
1982	342.1731436	0.126334731	0.129511261	0.355156106	0.315454071	0.403066028	0.407769984	0.552961015	0.375460045	0.335462693	0.269722297	0.691249511	0.016095792	50
1983	467.6007693	0.125725168	0.075348009	0.268803133	0.563627275	0.489771664	0.467475134	0.369970961	0.248392511	0.385957527	0.225286868	1.329287793	0.013919897	50
1984	299.2527026	0.122298179	0.145642051	0.293078854	0.37664498	0.450441681	0.324353324	0.104016221	0.305659554	0.167158037	0.168442958	0.708632552	0.006986464	50
1985	341.8290366	0.11157376	0.135303088	0.279680806	0.311145734	0.378580714	0.584990176	0.145564509	0.373374344	0.253823113	0.185757659	0.630972893	0.012854562	50
1986	271.4941078	0.120823785	0.100802419	0.219405651	0.273073655	0.343356718	0.395658938	0.36031185	0.156551002	0.052866251	0.178937845	1.042062242	0.015899622	50
1987	206.9187173	0.118791754	0.100795311	0.293648618	0.293566319	0.247863392	0.170251497	0.239591668	0.093913737	0.135030656	0.176992963	0.720136496	0.014683207	50
1988	248.6149776	0.10511695	0.098414736	0.297310488	0.350762809	0.293390214	0.223814102	0.054800941	0.380922029	0.047308572	0.122529534	1.182779591	0.013168128	50
1989	381.374521	0.119187917	0.125654515	0.292006449	0.449563593	0.271147975	0.073647503	0.110774863	0.23308316	0.038966894	0.175251066	0.586412514	0.009383579	50
1990	482.208932	0.116563434	0.090816072	0.472125949	0.565566764	0.488503783	0.431678239	0.395979235	0.376243993	0.046255149	0.176699704	0.607993783	0.010814369	50
1991	505.1145442	0.121698676	0.085861802	0.269623968	0.440397828	0.473283448	0.374673658	0.102521311	0.159152307	0.051174483	0.175471499	0.62089885	0.013090562	50
1992	318.669349	0.129314743	0.091300359	0.228784755	0.385054699	0.498103161	0.423013622	0.246716236	0.383977962	0.048416438	0.09458353	0.67760432	0.011261103	50
1993	567.9119449	0.131547994	0.125836043	0.3546242	0.494010073	0.446438921	0.363208333	0.498993401	0.076727531	0.050288572	0.178641579	0.640713065	0.017283831	50
1994	326.7298343	0.114690758	0.110422704	0.321723602	0.408220276	0.346664727	0.334807264	0.100943612	0.273571083	0.045746371	0.186154366	0.710275914	0.011663772	50
1995	361.5039418	0.11032862	0.140577811	0.395612625	0.479998599	0.377651014	0.226830512	0.535010304	0.129941772	0.04662297	0.181734466	0.653814461	0.012323733	50
1996	375.6078274	0.112954476	0.081880875	0.223370106	0.471659808	0.527650199	0.26448182	0.524764087	0.170830944	0.220077369	0.145976953	0.679998969	0.010665012	50
1997	276.4574787	0.120793865	0.117218801	0.278197635	0.398887345	0.483486278	0.348309372	0.03793384	0.039063083	0.086552756	0.159792566	0.684249968	0.009943395	50
1998	297.2195711	0.108200827	0.103357684	0.249510896	0.385034374	0.351488017	0.341831519	0.298916558	0.220030465	0.041063828	0.161988843	0.607733217	0.007798252	50
1999	411.523257	0.11540213	0.107614485	0.263561419	0.464759263	0.403986769	0.271727569	0.28394792	0.13764894	0.040482461	0.164392266	0.596524669	0.010395845	50
2000	327.8815805	0.122824498	0.141358866	0.279267195	0.400645521	0.390856729	0.261287655	0.261274965	0.293972063	0.040868509	0.071774375	0.660373911	0.011568832	50
2001	389.6585069	0.118805071	0.093219236	0.278558918	0.458632664	0.418542173	0.363130188	0.308702612	0.15256863	0.050389098	0.169209104	0.604163794	0.008853333	50
2002	359.3038002	0.122747869	0.104376395	0.25424259	0.412285077	0.564537829	0.372146938	0.293031998	0.215812859	0.150354333	0.179378932	0.607513514	0.012515804	50
2003	334.3877463	0.122344136	0.163190136	0.26551094	0.410689163	0.409002166	0.454814435	0.336265947	0.102553981	0.097036196	0.134118748	0.610112911	0.00991857	50
2004	181.4213897	0.113914163	0.058796847	0.121346477	0.226857169	0.340136699	0.263412117	0.158999742	0.062095821	0.116775856	0.182758997	0.641191876	0.016348249	50
2005	188.6273343	0.110994326	0.0998657	0.196250519	0.284198754	0.32379873	0.19253111	0.236543654	0.066046375	0.046893243	0.121205463	0.632838199	0.009947081	50
2006	281.1070198	0.104896305	0.123072522	0.223790878	0.332729466	0.27881485	0.246979583	0.162932289	0.149797371	0.039340465	0.166786039	0.528925216	0.010081046	50
2007	246.7351315	0.107127155	0.115343863	0.263798013	0.393086663	0.356683182	0.169651718	0.524932118	0.118373174	0.125538183	0.042305323	0.677075524	0.010628857	50
2008	279.7148417	0.220073316	0.135803285	0.322029005	0.374220358	0.365545977	0.219043684	0.154322867	0.112923924	0.040570148	0.148445423	0.11336138	0.083214354	50
2009	342.9262376	0.10699504	0.206457782	0.333303262	0.348292667	0.29319791	0.233018707	0.188851898	0.047892473	0.039763278	0.020011923	0.432917342	0.010229276	50
2010	361.6934362	0.110360249	0.170038522	0.239388264	0.29707024	0.319294754	0.203910611	0.161221693	0.101075351	0.029779771	0.157245826	0.044460889	0.123198296	50
2011	375.851323	0.116868075	0.144197704	0.296378641	0.299507086	0.368570728	0.332605928	0.116242951	0.161403975	0.121288898	0.052387326	0.709000494	0.121773617	50
2012	322.374731	0.104767517	0.12289715	0.260855422	0.239252261	0.261331469	0.225760453	0.245642467	0.149731492	0.049517253	0.169133844	0.606438525	0.010516785	50
2013	313.3092145	0.112164179	0.145453795	0.316121903	0.377372479	0.336392202	0.085093565	0.125870053	0.215264504	0.043155899	0.167654267	0.77675683	0.00956336	50
2014	363.5555352	0.115556951	0.178965693	0.366879261	0.302578236	0.388540866	0.133236879	0.51126763	0.324719463	0.017115069	0.164959103	0.546720483	0.079023994	50
2015	728.7409314	0.108415287	0.205259055	0.516492182	0.493306172	0.291673868	0.284589798	0.08383443	0.113154779	0.05034428	0.090681586	0.34370716	0.015172523	50
2016	693.7650233	0.118876503	0.15605736	0.447798314	0.617805778	0.489023706	0.186252852	0.165065037	0.181741796	0.020617573	0.181295024	0.730746007	0.112317222	50
2017	445.3717122	0.142589407	0.114316304	0.398927327	0.631608868	0.460916787	0.200918882	0.126143922	0.039307192	0.046303335	0.075693556	0.649415057	0.004262023	50
2018	261.4188408	0.15253117	0.124929402	0.434184925	0.428465708	0.403583702	0.307591081	0.237134905	0.198352506	0.075397415	0.151046837	0.400386052	0.07924192	50
2019	262.1348948	0.116319306	0.170574202	0.299997261	0.402808152	0.319091282	0.387162342	0.255707913	0.12077971	0.034504287	0.124245864	0.637928715	0.011312289	50
# Index-13 MENH Spring
1980	0	0	0	0	0	0	0	0	0	0	0	0	0	0
1981	0	0	0	0	0	0	0	0	0	0	0	0	0	0
1982	0	0	0	0	0	0	0	0	0	0	0	0	0	0
1983	0	0	0	0	0	0	0	0	0	0	0	0	0	0
1984	0	0	0	0	0	0	0	0	0	0	0	0	0	0
1985	0	0	0	0	0	0	0	0	0	0	0	0	0	0
1986	0	0	0	0	0	0	0	0	0	0	0	0	0	0
1987	0	0	0	0	0	0	0	0	0	0	0	0	0	0
1988	0	0	0	0	0	0	0	0	0	0	0	0	0	0
1989	0	0	0	0	0	0	0	0	0	0	0	0	0	0
1990	0	0	0	0	0	0	0	0	0	0	0	0	0	0
1991	0	0	0	0	0	0	0	0	0	0	0	0	0	0
1992	0	0	0	0	0	0	0	0	0	0	0	0	0	0
1993	0	0	0	0	0	0	0	0	0	0	0	0	0	0
1994	0	0	0	0	0	0	0	0	0	0	0	0	0	0
1995	0	0	0	0	0	0	0	0	0	0	0	0	0	0
1996	0	0	0	0	0	0	0	0	0	0	0	0	0	0
1997	0	0	0	0	0	0	0	0	0	0	0	0	0	0
1998	0	0	0	0	0	0	0	0	0	0	0	0	0	0
1999	0	0	0	0	0	0	0	0	0	0	0	0	0	0
2000	0	0	0	0	0	0	0	0	0	0	0	0	0	0
2001	16.92667178	0.494637654	5.85786056	7.878974524	2.142162414	0.537924943	0.268209554	0.114246911	0.054784846	0.017897692	0.02525975	0.00143596	0.00143596	50
2002	30.98547156	0.257314361	2.892725054	9.013038794	10.84500599	3.477648484	0.901534993	0.516860338	0.240744105	0.180462785	0.050613529	0.015961212	0.015961212	50
2003	42.51259073	0.199558411	20.91413383	4.202094185	5.713556659	5.134198436	1.571065649	0.514938157	0.447227227	0.189233497	0.092721726	0.129585996	0.100430524	50
2004	45.8400578	0.32925928	10.04603601	20.02013149	5.336666288	2.443894244	1.743514336	0.440247801	0.084591885	0.219029758	0.007383108	0			0			50
2005	50.26110241	0.196359525	16.64531841	16.42910328	6.516528377	2.818257329	0.930077746	0.453071523	0.126629925	0			0.025127429	0			0			50
2006	49.21911649	0.227518812	24.65159867	9.145298769	3.843946603	1.239667722	0.484922367	0.385583089	0.254484397	0.045000288	0.013135869	0			0			50
2007	66.60953793	0.193069475	40.43072993	15.41116835	4.80113635	2.007389577	0.56435835	0.148460448	0.107701149	0.009661478	0.027869534	0			0			50
2008	58.8472796	0.298170569	14.37946762	22.04614857	11.08035774	3.129097656	0.893930194	0.270603285	0.08423795	0.041110151	0.043670541	0.011705208	0.00531446	50
2009	75.04290653	0.227043364	32.59579438	7.782667292	13.5880495	6.505793	2.10015905	0.817032503	0.287568261	0.078327808	0.010593553	0.023589503	0.023589503	50
2010	56.88230896	0.236996335	23.97248869	18.3590281	4.753414993	5.169681296	2.623406491	0.836297896	0.211411268	0.094214056	0.03485854	0.011324137	0.005149211	50
2011	32.83516889	0.308355724	6.244945664	9.56387509	5.098653171	3.160759811	1.667614394	1.591541013	0.619664265	0.23491539	0.107993019	0.032710771	0.024691051	50
2012	25.27342827	0.274971953	5.058259878	7.928209616	5.072820205	3.580612732	1.12128389	0.973985072	0.547395115	0.209871845	0.063922111	0.044988579	0.032165079	50
2013	19.23480356	0.222277152	4.129004194	8.364843966	2.344269072	1.054909459	1.693580212	0.400613671	0.44949431	0.320229559	0.121829139	0.045388918	0.024599223	50
2014	36.20515426	0.287822724	13.60778058	7.142421859	4.524469048	1.920919488	0.680428576	1.243526553	0.392790188	0.422032787	0.361052536	0.259711662	0.153826486	50
2015	25.15508889	0.217034927	14.34456563	7.179740317	1.692920218	0.712595081	0.225531446	0.117879008	0.145751241	0.088595515	0.031214483	0.035941456	0.018544116	50
2016	19.85286089	0.23193596	2.559057671	8.220505361	2.925353181	1.293926837	0.627601327	0.177675319	0.207982115	0.239223726	0.124656687	0.184850528	0.072179268	50
2017	11.45944167	0.274838818	2.661962137	1.902754637	4.248490217	1.394951517	0.521124567	0.340770288	0.106981584	0.045459922	0.104740351	0.094825717	0.042533829	50
2018	10.84836258	0.293367425	1.249496444	1.371685314	1.074856001	2.100098088	0.820162327	0.346348734	0.240536455	0.139410716	0.083654931	0.228224074	0.113362789	50
2019	8.266348305	0.210594905	4.142093262	0.773807574	1.161447894	0.481130331	0.845899082	0.278705546	0.138333205	0.0469157	0.020877902	0.048101594	0.028764849	50
# Index-14 MENH Fall
1980	0	0	0	0	0	0	0	0	0	0	0	0	0	0
1981	0	0	0	0	0	0	0	0	0	0	0	0	0	0
1982	0	0	0	0	0	0	0	0	0	0	0	0	0	0
1983	0	0	0	0	0	0	0	0	0	0	0	0	0	0
1984	0	0	0	0	0	0	0	0	0	0	0	0	0	0
1985	0	0	0	0	0	0	0	0	0	0	0	0	0	0
1986	0	0	0	0	0	0	0	0	0	0	0	0	0	0
1987	0	0	0	0	0	0	0	0	0	0	0	0	0	0
1988	0	0	0	0	0	0	0	0	0	0	0	0	0	0
1989	0	0	0	0	0	0	0	0	0	0	0	0	0	0
1990	0	0	0	0	0	0	0	0	0	0	0	0	0	0
1991	0	0	0	0	0	0	0	0	0	0	0	0	0	0
1992	0	0	0	0	0	0	0	0	0	0	0	0	0	0
1993	0	0	0	0	0	0	0	0	0	0	0	0	0	0
1994	0	0	0	0	0	0	0	0	0	0	0	0	0	0
1995	0	0	0	0	0	0	0	0	0	0	0	0	0	0
1996	0	0	0	0	0	0	0	0	0	0	0	0	0	0
1997	0	0	0	0	0	0	0	0	0	0	0	0	0	0
1998	0	0	0	0	0	0	0	0	0	0	0	0	0	0
1999	0	0	0	0	0	0	0	0	0	0	0	0	0	0
2000	22.377	0.621187905	12.90997351	2.287289599	0.745871805	0.315320399	0.101370574	0.045678947	0.007120556	0			0			0			0			50
2001	21.920	0.233428404	7.885660709	8.334989632	2.022265796	0.761953368	0.101221066	0.057566278	0.041105379	0.02395603	0.003518103	0			0			50
2002	15.589	0.472591623	3.072948747	1.5206771	1.282292981	0.346097932	0.07083762	0.041602147	0.036128991	0.02022599	0			0.001528767	0			50
2003	52.424	0.233099516	22.97870832	6.616715245	4.854761478	2.398591416	0.235177031	0.241081334	0.0409032	0.0248868	0.00651596	0			0			50
2004	40.769	0.188186851	13.50832106	8.113740291	4.56160622	1.649514563	0.486783509	0.062709504	0.006359316	0			0			0			0			50
2005	71.462	0.231988359	22.65505236	6.044969094	5.373818717	1.61790632	0.442183467	0.280058641	0.206869799	0.218869722	0.065658298	0.011752252	0.011752252	50
2006	70.218	0.221255834	27.7409698	9.050058717	5.452939256	1.882053357	0.564156665	0.441231032	0.156282271	0.010768869	0.010350091	0			0			50
2007	62.991	0.263230471	31.25885961	12.20693125	5.669850278	1.321167406	0.701219543	0.204399245	0.011639067	0.010147364	0			0			0			50
2008	107.911	0.212303783	14.7767673	23.08493971	9.073546194	2.052662796	0.98354202	0.337491455	0.014536663	0.052925467	0			0.007757764	0.007757764	50
2009	59.445	0.227589204	19.44808992	5.927388624	5.318755031	3.550038896	0.581953415	0.149568272	0.063938663	0.032843322	0.006329095	0			0			50
2010	37.075	0.376900349	11.64795008	6.202041989	2.852812559	2.863277344	1.317251265	0.472207881	0.031914988	0.021029101	0.047305454	0.010017788	0			50
2011	31.386	0.281724312	6.873796838	4.978269063	5.427508373	1.099269463	1.066798425	0.836446718	0.348696955	0.179066337	0.028319307	0.090627096	0.032270364	50
2012	23.084	0.328582199	8.821884546	3.572106184	2.268902307	1.36114219	0.335968249	0.182069474	0.08889134	0.033493811	0.000533328	0.001125914	0			50
2013	17.957	0.426319388	7.555636762	3.756558379	0.852139147	0.257635943	0.622126388	0.134476619	0.011934192	0.066162177	0.001861476	0			0			50
2014	25.112	0.311220791	3.468681158	1.128578219	0.455589494	0.054631369	0.059275289	0.159065516	0.006426591	0.044273286	0.009397113	0.010052494	0.008527899	50
2015	19.443	0.267217957	11.99073973	1.739613203	0.586118923	0.334047207	0.087336126	0.033441895	0.076354157	0.014587864	0.014902977	0.021139538	0.010820345	50
2016	15.230	0.357890683	2.137589336	4.972060041	1.04838854	0.393298225	0.267931967	0.089451425	0.044815222	0.100713752	0.06520083	0.088876051	0.045758078	50
2017	9.481	0.297952146	3.197237149	0.77274156	1.644959126	0.290991746	0.091731793	0.048307222	0.055301091	0.006268257	0.017651547	0.022423921	0.004435186	50
2018	17.404	0.428385191	1.512606184	2.702325136	0.467310336	1.623289542	0.376259554	0.196275622	0.184966397	0.067040308	0.039071102	0.114918938	0.041555402	50
2019	11.719	0.289816766	5.112833683	0.530026211	1.271042491	0.484428616	1.184628339	0.173847445	0.145024162	0.05298163	0.016180118	0.141685842	0.032642924	50
# Index-15 LPUE
1980	0	0	0	0	0	0	0	0	0	0	0	0	0	0
1981	0	0	0	0	0	0	0	0	0	0	0	0	0	0
1982	0	0	0	0	0	0	0	0	0	0	0	0	0	0
1983	0	0	0	0	0	0	0	0	0	0	0	0	0	0
1984	0	0	0	0	0	0	0	0	0	0	0	0	0	0
1985	0	0	0	0	0	0	0	0	0	0	0	0	0	0
1986	0	0	0	0	0	0	0	0	0	0	0	0	0	0
1987	0	0	0	0	0	0	0	0	0	0	0	0	0	0
1988	0	0	0	0	0	0	0	0	0	0	0	0	0	0
1989	0	0	0	0	0	0	0	0	0	0	0	0	0	0
1990	0	0	0	0	0	0	0	0	0	0	0	0	0	0
1991	0	0	0	0	0	0	0	0	0	0	0	0	0	0
1992	0	0	0	0	0	0	0	0	0	0	0	0	0	0
1993	0	0	0	0	0	0	0	0	0	0	0	0	0	0
1994	0	0	0	0	0	0	0	0	0	0	0	0	0	0
1995	0	0	0	0	0	0	0	0	0	0	0	0	0	0
1996	3.755	0.061	0	0	0	0	0	0	0	0	0	0	0	0
1997	4.016	0.064	0	0	0	0	0	0	0	0	0	0	0	50
1998	3.177	0.064	0	0	0	0	0	0	0	0	0	0	0	50
1999	3.052	0.064	0	0	0	0	0	0	0	0	0	0	0	50
2000	2.89	0.064	0	0	0	0	0	0	0	0	0	0	0	50
2001	2.983	0.065	0	0	0	0	0	0	0	0	0	0	0	50
2002	2.832	0.066	0	0	0	0	0	0	0	0	0	0	0	50
2003	2.021	0.067	0	0	0	0	0	0	0	0	0	0	0	50
2004	1.552	0.067	0	0	0	0	0	0	0	0	0	0	0	50
2005	1.255	0.066	0	0	0	0	0	0	0	0	0	0	0	50
2006	1.475	0.068	0	0	0	0	0	0	0	0	0	0	0	50
2007	1.707	0.068	0	0	0	0	0	0	0	0	0	0	0	50
2008	1.706	0.068	0	0	0	0	0	0	0	0	0	0	0	50
2009	1.706	0.069	0	0	0	0	0	0	0	0	0	0	0	50
2010	2.946	0.07	0	0	0	0	0	0	0	0	0	0	0	50
2011	2.566	0.068	0	0	0	0	0	0	0	0	0	0	0	50
2012	2.616	0.067	0	0	0	0	0	0	0	0	0	0	0	50
2013	3.212	0.067	0	0	0	0	0	0	0	0	0	0	0	50
2014	4.883	0.066	0	0	0	0	0	0	0	0	0	0	0	50
2015	5.097	0.065	0	0	0	0	0	0	0	0	0	0	0	50
2016	6.383	0.065	0	0	0	0	0	0	0	0	0	0	0	50
2017	5.618	0.065	0	0	0	0	0	0	0	0	0	0	0	50
2018	5.08	0.065	0	0	0	0	0	0	0	0	0	0	0	50
2019	3.225	0.065	0	0	0	0	0	0	0	0	0	0	0	50
# Phase Control
# Phase for F mult in 1st Year
1
# Phase for F mult Deviations
3
# Phase for Recruitment Deviations
3
# Phase for N in 1st Year
2
# Phase for Catchability in 1st Year
1
# Phase for Catchability Deviations
-5
# Phase for Stock Recruitment Relationship
1
# Phase for Steepness
1
# Recruitment CV by Year
0.5
0.5
0.5
0.5
0.5
0.5
0.5
0.5
0.5
0.5
0.5
0.5
0.5
0.5
0.5
0.5
0.5
0.5
0.5
0.5
0.5
0.5
0.5
0.5
0.5
0.5
0.5
0.5
0.5
0.5
0.5
0.5
0.5
0.5
0.5
0.5
0.5
0.5
0.5
0.5
# Lambdas by Index
1  1  1  1  1  1  1  1  1  1  1  1  1  1  1
# Lambda for Total Catch in Weight by Fleet
1  
# Lambda for Total Discards at Age by Fleet
0  
# Catch Total CV by Year and Fleet
0.1          
0.1          
0.1          
0.1          
0.1          
0.1          
0.1          
0.1          
0.1          
0.1          
0.1          
0.1          
0.1          
0.1          
0.1          
0.1          
0.1          
0.1          
0.1          
0.1          
0.1          
0.1          
0.1          
0.1          
0.1          
0.1          
0.1          
0.1          
0.1          
0.1          
0.1          
0.1          
0.1          
0.1          
0.1          
0.1          
0.1          
0.1          
0.1     
0.1     
# Discard Total CV by Year and Fleet
0.1          
0.1          
0.1          
0.1          
0.1          
0.1          
0.1          
0.1          
0.1          
0.1          
0.1          
0.1          
0.1          
0.1          
0.1          
0.1          
0.1          
0.1          
0.1          
0.1          
0.1          
0.1          
0.1          
0.1          
0.1          
0.1          
0.1          
0.1          
0.1          
0.1          
0.1          
0.1          
0.1          
0.1          
0.1          
0.1          
0.1          
0.1          
0.1          
0.1
# Catch Effective Sample Size by Year and Fleet
100          
100          
100          
100          
100          
100          
100          
100          
100          
100          
100          
100          
100          
100          
100          
100          
100          
100          
100          
100          
100          
100          
100          
100          
100          
100          
100          
100          
100          
100          
100          
100          
100          
100          
100          
100          
100          
100          
100  
100        
# Discard Effective Sample Size by Year and Fleet
0            
0            
0            
0            
0            
0            
0            
0            
0            
0            
0            
0            
0            
0            
0            
0            
0            
0            
0            
0            
0            
0            
0            
0            
0            
0            
0            
0            
0            
0            
0            
0            
0            
0            
0            
0            
0            
0            
0    
0        
# Lambda for F Mult in First year by Fleet
0  
# CV for F Mult in First year by Fleet
0.1  
# Lambda for F Mult Deviations by Fleet
0  
# CV for F Mult Deviations by Fleet
0.1  
# Lambda for N in 1st Year Deviations
1
# CV for N in 1st Year Deviations
0.1
# Lambda for Recruitment Deviations
1
# Lambda for Catchability in First year by Index
0  0  0  0  0  0  0  0  0  0  0  0   0  0  0
# CV for Catchability in First year by Index
0.001  0.001  0.001  0.001  0.001  0.001  0.001  0.001  0.001  0.001  0.001  0.001  0.001  0.001  0.001
# Lambda for Catchability Deviations by Index
0  0  0  0  0  0  0  0  0  0  0  0  0  0  0
# CV for Catchability Deviations by Index
0.001  0.001  0.001  0.001  0.001  0.001  0.001  0.001  0.001  0.001  0.001  0.001  0.001  0.001  0.001
# Lambda for Deviation from Initial Steepness
0
# CV for Deviation from Initial Steepness
0.1
# Lambda for Deviation from Unexploited Stock Size
0
# CV for Deviation from Unexploited Stock Size
0.1
# NAA Deviations Flag
1
# Initial Numbers at Age in 1st Year
10000  10000  10000  10000  10000  10000  10000  10000  10000  10000  10000  
# Initial F Mult in 1st Year by Fleet
0.2  
# Initial Catchabilty by Index
0.001  0.001  0.001  0.001  0.001  0.001  0.001  0.001  0.001  0.001  0.001  0.001  0.001  0.001  0.001
# Stock Recruitment Flag
0
# Initial Unexploited Stock
10000
# Initial Steepness
0.7
# Maximum F
5.0
# Ignore Guesses (Yes=1)
0
# Projection Control
# Do Projections (Yes=1)
0
# Fleet Directed Flag
1  
# Final Year in Projection
2019
# Projection Data by Year
2020     -1         3     -99        1          
# Do MCMC (Yes=1)
0
# MCMC Year Option
1
# MCMC Iterations
1000
# MCMC Thinning Factor
200
# MCMC Random Seed
12345678
# Agepro R Option
0
# Agepro R Option Start Year
2014
# Agepro R Option End Year
2018
# Export R Flag
0
# Test Value
-23456
######
###### FINIS ######
# Fleet Names
#$FLEET-1
# Survey Names
#$Index-1 NEFSC Spring
#$Index-2 NEFSC Fall
#$Index-3 MADMF Spring
#$Index-4 MADMF Fall
#$Index-5 VAST NEFSC Spring
#$Index-6 VAST NEFSC Fall
#$Index-7 VAST MADMF Spring
#$Index-8 VAST MADMF Fall
#$Index-9 VAST MENH Spring
#$Index-10 VAST MENH Fall 
#$Index-11 VAST All Spring
#$Index-12 VAST All Fall
#$Index-13 MENH Spring
#$Index-14 MENH Fall
#$Index-15 LPUE
