# ASAP VERSION 3.0
# American Plaice Gulf of Maine-Georges Bank TY 2019 data for WHAM file
#
# ASAP GUI 15 AUG 2012
#
# Number of Years
40
# First Year
1980
# Number of Ages
11
# Number of Fleets
1
# Number of Sensitivity Blocks
2
# Number of Available Survey Indices
12
# Natural Mortality
0.3	0.3	0.3	0.3	0.3	0.3	0.3	0.3	0.3	0.3	0.3
0.3	0.3	0.3	0.3	0.3	0.3	0.3	0.3	0.3	0.3	0.3
0.3	0.3	0.3	0.3	0.3	0.3	0.3	0.3	0.3	0.3	0.3
0.3	0.3	0.3	0.3	0.3	0.3	0.3	0.3	0.3	0.3	0.3
0.3	0.3	0.3	0.3	0.3	0.3	0.3	0.3	0.3	0.3	0.3
0.3	0.3	0.3	0.3	0.3	0.3	0.3	0.3	0.3	0.3	0.3
0.3	0.3	0.3	0.3	0.3	0.3	0.3	0.3	0.3	0.3	0.3
0.3	0.3	0.3	0.3	0.3	0.3	0.3	0.3	0.3	0.3	0.3
0.3	0.3	0.3	0.3	0.3	0.3	0.3	0.3	0.3	0.3	0.3
0.3	0.3	0.3	0.3	0.3	0.3	0.3	0.3	0.3	0.3	0.3
0.3	0.3	0.3	0.3	0.3	0.3	0.3	0.3	0.3	0.3	0.3
0.3	0.3	0.3	0.3	0.3	0.3	0.3	0.3	0.3	0.3	0.3
0.3	0.3	0.3	0.3	0.3	0.3	0.3	0.3	0.3	0.3	0.3
0.3	0.3	0.3	0.3	0.3	0.3	0.3	0.3	0.3	0.3	0.3
0.3	0.3	0.3	0.3	0.3	0.3	0.3	0.3	0.3	0.3	0.3
0.3	0.3	0.3	0.3	0.3	0.3	0.3	0.3	0.3	0.3	0.3
0.3	0.3	0.3	0.3	0.3	0.3	0.3	0.3	0.3	0.3	0.3
0.3	0.3	0.3	0.3	0.3	0.3	0.3	0.3	0.3	0.3	0.3
0.3	0.3	0.3	0.3	0.3	0.3	0.3	0.3	0.3	0.3	0.3
0.3	0.3	0.3	0.3	0.3	0.3	0.3	0.3	0.3	0.3	0.3
0.3	0.3	0.3	0.3	0.3	0.3	0.3	0.3	0.3	0.3	0.3
0.3	0.3	0.3	0.3	0.3	0.3	0.3	0.3	0.3	0.3	0.3
0.3	0.3	0.3	0.3	0.3	0.3	0.3	0.3	0.3	0.3	0.3
0.3	0.3	0.3	0.3	0.3	0.3	0.3	0.3	0.3	0.3	0.3
0.3	0.3	0.3	0.3	0.3	0.3	0.3	0.3	0.3	0.3	0.3
0.3	0.3	0.3	0.3	0.3	0.3	0.3	0.3	0.3	0.3	0.3
0.3	0.3	0.3	0.3	0.3	0.3	0.3	0.3	0.3	0.3	0.3
0.3	0.3	0.3	0.3	0.3	0.3	0.3	0.3	0.3	0.3	0.3
0.3	0.3	0.3	0.3	0.3	0.3	0.3	0.3	0.3	0.3	0.3
0.3	0.3	0.3	0.3	0.3	0.3	0.3	0.3	0.3	0.3	0.3
0.3	0.3	0.3	0.3	0.3	0.3	0.3	0.3	0.3	0.3	0.3
0.3	0.3	0.3	0.3	0.3	0.3	0.3	0.3	0.3	0.3	0.3
0.3	0.3	0.3	0.3	0.3	0.3	0.3	0.3	0.3	0.3	0.3
0.3	0.3	0.3	0.3	0.3	0.3	0.3	0.3	0.3	0.3	0.3
0.3	0.3	0.3	0.3	0.3	0.3	0.3	0.3	0.3	0.3	0.3
0.3	0.3	0.3	0.3	0.3	0.3	0.3	0.3	0.3	0.3	0.3
0.3	0.3	0.3	0.3	0.3	0.3	0.3	0.3	0.3	0.3	0.3
0.3	0.3	0.3	0.3	0.3	0.3	0.3	0.3	0.3	0.3	0.3
0.3	0.3	0.3	0.3	0.3	0.3	0.3	0.3	0.3	0.3	0.3
0.3	0.3	0.3	0.3	0.3	0.3	0.3	0.3	0.3	0.3	0.3     
# Fecundity Option
0
# Fraction of year that elapses prior to SSB calculation (0=Jan-1)
0.2500
# Maturity 
0	0.14	0.44	0.75	0.89	0.96	0.98	0.99	0.99	1	1
0	0.14	0.44	0.75	0.89	0.96	0.98	0.99	0.99	1	1
0	0.14	0.44	0.75	0.89	0.96	0.98	0.99	0.99	1	1
0	0.14	0.44	0.75	0.89	0.96	0.98	0.99	0.99	1	1
0	0.14	0.44	0.75	0.89	0.96	0.98	0.99	0.99	1	1
0	0.14	0.44	0.75	0.89	0.96	0.98	0.99	0.99	1	1
0	0.14	0.44	0.75	0.89	0.96	0.98	0.99	0.99	1	1
0	0.14	0.44	0.75	0.89	0.96	0.98	0.99	0.99	1	1
0	0.14	0.44	0.75	0.89	0.96	0.98	0.99	0.99	1	1
0	0.14	0.44	0.75	0.89	0.96	0.98	0.99	0.99	1	1
0	0.14	0.44	0.75	0.89	0.96	0.98	0.99	0.99	1	1
0	0.14	0.44	0.75	0.89	0.96	0.98	0.99	0.99	1	1
0	0.14	0.44	0.75	0.89	0.96	0.98	0.99	0.99	1	1
0	0.14	0.44	0.75	0.89	0.96	0.98	0.99	0.99	1	1
0	0.14	0.44	0.75	0.89	0.96	0.98	0.99	0.99	1	1
0	0.14	0.44	0.75	0.89	0.96	0.98	0.99	0.99	1	1
0	0.14	0.44	0.75	0.89	0.96	0.98	0.99	0.99	1	1
0	0.14	0.44	0.75	0.89	0.96	0.98	0.99	0.99	1	1
0	0.14	0.44	0.75	0.89	0.96	0.98	0.99	0.99	1	1
0	0.14	0.44	0.75	0.89	0.96	0.98	0.99	0.99	1	1
0	0.14	0.44	0.75	0.89	0.96	0.98	0.99	0.99	1	1
0	0.14	0.44	0.75	0.89	0.96	0.98	0.99	0.99	1	1
0	0.14	0.44	0.75	0.89	0.96	0.98	0.99	0.99	1	1
0	0.14	0.44	0.75	0.89	0.96	0.98	0.99	0.99	1	1
0	0.14	0.44	0.75	0.89	0.96	0.98	0.99	0.99	1	1
0	0.14	0.44	0.75	0.89	0.96	0.98	0.99	0.99	1	1
0	0.14	0.44	0.75	0.89	0.96	0.98	0.99	0.99	1	1
0	0.14	0.44	0.75	0.89	0.96	0.98	0.99	0.99	1	1
0	0.14	0.44	0.75	0.89	0.96	0.98	0.99	0.99	1	1
0	0.14	0.44	0.75	0.89	0.96	0.98	0.99	0.99	1	1
0	0.14	0.44	0.75	0.89	0.96	0.98	0.99	0.99	1	1
0	0.14	0.44	0.75	0.89	0.96	0.98	0.99	0.99	1	1
0	0.14	0.44	0.75	0.89	0.96	0.98	0.99	0.99	1	1
0	0.14	0.44	0.75	0.89	0.96	0.98	0.99	0.99	1	1
0	0.14	0.44	0.75	0.89	0.96	0.98	0.99	0.99	1	1
0	0.14	0.44	0.75	0.89	0.96	0.98	0.99	0.99	1	1
0	0.14	0.44	0.75	0.89	0.96	0.98	0.99	0.99	1	1
0	0.14	0.44	0.75	0.89	0.96	0.98	0.99	0.99	1	1
0	0.14	0.44	0.75	0.89	0.96	0.98	0.99	0.99	1	1
0	0.14	0.44	0.75	0.89	0.96	0.98	0.99	0.99	1	1    
# Number of Weights at Age Matrices 
4
# Weight Matrix - 1 Fleet
0.030	0.076	0.154	0.267	0.409	0.653	0.829	1.039	1.183	1.374	1.895
0.032	0.108	0.168	0.316	0.442	0.778	0.885	0.978	1.130	1.254	1.551
0.018	0.115	0.230	0.290	0.418	0.564	0.960	1.138	1.196	1.552	1.901
0.013	0.033	0.185	0.378	0.530	0.670	0.823	1.042	1.238	1.446	1.680
0.004	0.045	0.161	0.303	0.524	0.630	0.888	1.187	1.133	1.369	1.958
0.018	0.058	0.084	0.209	0.331	0.534	0.847	1.167	1.377	1.665	2.128
0.016	0.042	0.138	0.229	0.384	0.587	0.842	1.174	1.491	1.747	2.194
0.013	0.046	0.131	0.234	0.409	0.609	0.892	1.173	1.483	1.732	2.284
0.016	0.046	0.159	0.284	0.449	0.641	0.880	1.231	1.396	1.717	2.238
0.012	0.047	0.153	0.282	0.416	0.534	0.732	0.856	1.313	1.463	1.940
0.017	0.048	0.141	0.277	0.439	0.613	0.807	0.967	1.089	1.305	1.696
0.022	0.049	0.157	0.328	0.494	0.701	0.960	1.160	1.277	1.543	1.811
0.019	0.045	0.130	0.314	0.505	0.727	0.939	1.192	1.318	1.640	2.005
0.017	0.038	0.243	0.363	0.484	0.634	0.955	1.229	1.408	1.576	2.312
0.015	0.027	0.243	0.391	0.496	0.591	0.768	1.087	1.274	1.394	1.866
0.015	0.036	0.178	0.317	0.494	0.640	0.720	1.025	1.280	1.643	1.744
0.019	0.031	0.121	0.325	0.472	0.625	0.832	1.112	1.314	1.561	1.933
0.014	0.029	0.158	0.354	0.435	0.615	0.790	1.084	1.269	1.389	1.785
0.040	0.068	0.167	0.277	0.368	0.509	0.769	1.028	1.328	1.418	2.065
0.035	0.100	0.200	0.321	0.441	0.547	0.704	0.906	1.153	1.397	1.507
0.004	0.109	0.279	0.343	0.464	0.551	0.721	0.944	1.091	1.308	1.809
0.011	0.026	0.163	0.309	0.426	0.523	0.684	0.815	1.033	1.386	1.556
0.021	0.074	0.146	0.307	0.422	0.511	0.662	0.869	1.031	1.223	1.413
0.019	0.028	0.160	0.293	0.386	0.524	0.666	0.828	0.965	1.057	1.238
0.012	0.025	0.100	0.304	0.398	0.510	0.660	0.773	0.944	1.035	1.192
0.009	0.023	0.114	0.309	0.410	0.523	0.664	0.834	0.934	1.079	1.304
0.015	0.040	0.126	0.282	0.395	0.509	0.598	0.782	0.907	0.958	1.291
0.006	0.034	0.183	0.326	0.422	0.517	0.639	0.816	0.945	1.104	1.389
0.009	0.044	0.199	0.312	0.422	0.474	0.580	0.618	0.717	0.807	1.046
0.012	0.063	0.207	0.289	0.390	0.490	0.533	0.574	0.676	0.797	0.940
0.029	0.045	0.134	0.299	0.375	0.466	0.543	0.604	0.597	0.567	0.837
0.015	0.026	0.083	0.290	0.426	0.496	0.531	0.574	0.611	0.701	0.778
0.017	0.033	0.084	0.254	0.351	0.459	0.523	0.551	0.610	0.645	0.786
0.044	0.098	0.200	0.346	0.446	0.469	0.560	0.585	0.603	0.611	0.775
0.039	0.128	0.268	0.388	0.476	0.537	0.560	0.651	0.673	0.757	0.793
0.027	0.133	0.290	0.427	0.502	0.569	0.620	0.637	0.789	0.725	0.818
0.036	0.131	0.252	0.417	0.522	0.621	0.688	0.725	0.752	0.862	0.886
0.019	0.097	0.224	0.379	0.510	0.615	0.688	0.772	0.840	0.852	1.027
0.043	0.104	0.205	0.414	0.543	0.644	0.627	0.762	0.720	0.753	0.907
0.044	0.115	0.214	0.341	0.502	0.559	0.648	0.732	0.766	0.738	0.944
# Weight Matrix - 2 Jan1
0.016	0.051	0.108	0.208	0.297	0.561	0.763	0.996	1.149	1.275	1.895
0.017	0.057	0.113	0.221	0.344	0.564	0.760	0.900	1.084	1.218	1.551
0.013	0.061	0.158	0.221	0.363	0.499	0.864	1.004	1.082	1.324	1.901
0.007	0.024	0.146	0.295	0.392	0.529	0.681	1.000	1.187	1.315	1.680
0.001	0.024	0.073	0.237	0.445	0.578	0.771	0.988	1.087	1.302	1.958
0.012	0.015	0.062	0.183	0.317	0.529	0.731	1.018	1.279	1.374	2.128
0.009	0.028	0.090	0.139	0.283	0.441	0.671	0.997	1.319	1.551	2.194
0.007	0.027	0.074	0.180	0.306	0.484	0.724	0.994	1.320	1.607	2.284
0.009	0.025	0.086	0.193	0.324	0.512	0.732	1.048	1.280	1.596	2.238
0.006	0.027	0.084	0.212	0.344	0.490	0.685	0.868	1.271	1.429	1.940
0.010	0.024	0.081	0.206	0.352	0.505	0.657	0.841	0.966	1.309	1.696
0.015	0.029	0.087	0.215	0.370	0.555	0.767	0.968	1.111	1.296	1.811
0.013	0.032	0.080	0.222	0.407	0.599	0.811	1.070	1.237	1.447	2.005
0.014	0.027	0.105	0.217	0.390	0.566	0.833	1.074	1.296	1.441	2.312
0.010	0.021	0.096	0.308	0.424	0.535	0.698	1.019	1.251	1.401	1.866
0.010	0.023	0.069	0.278	0.440	0.563	0.652	0.887	1.180	1.447	1.744
0.015	0.022	0.066	0.241	0.387	0.556	0.730	0.895	1.161	1.414	1.933
0.006	0.024	0.070	0.207	0.376	0.539	0.703	0.950	1.188	1.351	1.785
0.025	0.031	0.070	0.209	0.361	0.471	0.688	0.901	1.200	1.341	2.065
0.020	0.063	0.117	0.232	0.350	0.449	0.599	0.835	1.089	1.362	1.507
0.002	0.062	0.167	0.262	0.386	0.493	0.628	0.815	0.994	1.228	1.809
0.004	0.010	0.133	0.294	0.382	0.493	0.614	0.767	0.988	1.230	1.556
0.018	0.029	0.062	0.224	0.361	0.467	0.588	0.771	0.917	1.124	1.413
0.017	0.024	0.109	0.207	0.344	0.470	0.583	0.740	0.916	1.044	1.238
0.009	0.022	0.053	0.221	0.342	0.444	0.588	0.718	0.884	0.999	1.192
0.004	0.017	0.053	0.176	0.353	0.456	0.582	0.742	0.850	1.009	1.304
0.010	0.019	0.054	0.179	0.349	0.457	0.559	0.721	0.870	0.946	1.291
0.002	0.023	0.086	0.203	0.345	0.452	0.570	0.699	0.860	1.001	1.389
0.003	0.016	0.082	0.239	0.371	0.447	0.548	0.628	0.765	0.873	1.046
0.006	0.024	0.095	0.240	0.349	0.455	0.503	0.577	0.646	0.756	0.940
0.031	0.023	0.092	0.249	0.329	0.426	0.516	0.567	0.585	0.619	0.837
0.010	0.028	0.061	0.197	0.357	0.431	0.497	0.558	0.608	0.647	0.778
0.007	0.022	0.047	0.145	0.319	0.442	0.509	0.541	0.592	0.628	0.786
0.026	0.041	0.081	0.171	0.337	0.406	0.507	0.553	0.576	0.611	0.775
0.021	0.075	0.162	0.279	0.406	0.489	0.513	0.604	0.628	0.676	0.793
0.012	0.072	0.193	0.338	0.441	0.520	0.577	0.597	0.717	0.699	0.818
0.022	0.060	0.183	0.348	0.472	0.558	0.626	0.670	0.692	0.825	0.886
0.008	0.059	0.171	0.309	0.461	0.567	0.654	0.729	0.780	0.800	1.027
0.026	0.045	0.141	0.305	0.454	0.573	0.621	0.724	0.746	0.795	0.907
0.028	0.070	0.149	0.264	0.456	0.551	0.646	0.678	0.764	0.729	0.944
# Weight Matrix - 3 NEFSC Spring WAA - based on L-W prediction
1.786	0.202	0.151	0.235	0.374	0.583	0.807	1.124	1.354	1.382	1.483
0.005	0.053	0.126	0.246	0.366	0.621	0.732	0.872	1.101	1.073	1.623
0.011	0.043	0.142	0.221	0.349	0.538	0.842	1.064	1.019	1.419	1.645
0.051	0.046	0.147	0.258	0.347	0.554	0.7	1.02	1.192	1.245	1.589
0.008	0.035	0.109	0.184	0.308	0.431	0.692	0.797	1.189	1.355	1.611
0.003	0.029	0.083	0.173	0.254	0.389	0.599	0.821	1.059	1.418	1.707
0.003	0.038	0.118	0.205	0.293	0.402	0.674	0.893	1.166	1.353	1.405
0.007	0.049	0.11	0.216	0.309	0.431	0.635	0.932	1.23	1.317	1.435
0.004	0.034	0.118	0.222	0.359	0.521	0.755	0.686	1.248	1.147	1.276
0.004	0.034	0.113	0.215	0.333	0.476	0.753	0.637	0.919	0.941	1.371
0.004	0.035	0.105	0.198	0.355	0.465	0.781	0.728	1.249	1.492	1.317
0.003	0.029	0.103	0.231	0.376	0.604	0.838	0.822	1.231	1.059	1.736
0.004	0.032	0.093	0.228	0.423	0.707	0.918	1.34	1.719	1.684	1.492
0.003	0.04	0.131	0.225	0.348	0.578	0.877	1.175	1.494	1.586	1.388
0.003	0.038	0.121	0.22	0.338	0.478	0.751	1.016	0.648	1.059	1.857
0.004	0.035	0.111	0.237	0.38	0.536	0.779	0.667	1.353	1.542	1.898
0.004	0.031	0.099	0.197	0.356	0.51	0.521	1.057	1.081	1.059	1.236
0.004	0.035	0.105	0.196	0.342	0.52	0.623	0.551	0.901	2.237	1.927
0.004	0.032	0.09	0.165	0.264	0.432	0.572	0.94	0.701	1.235	1.588
0.003	0.032	0.068	0.179	0.302	0.412	0.518	0.859	0.977	1.081	1.236
0.008	0.042	0.113	0.206	0.37	0.482	0.587	0.87	1.066	1.448	1.42
0.005	0.033	0.093	0.199	0.332	0.471	0.582	0.66	0.822	0.921	0.321
0.005	0.039	0.1	0.191	0.328	0.417	0.58	0.627	0.718	0.984	0.876
0.012	0.034	0.096	0.154	0.275	0.387	0.555	0.385	0.794	0.999	1.336
0.004	0.025	0.064	0.144	0.253	0.348	0.456	0.526	0.799	0.425	1.448
0.003	0.02	0.061	0.159	0.246	0.375	0.434	0.741	0.901	1.264	1.236
0.008	0.035	0.09	0.16	0.26	0.32	0.435	0.561	0.751	0.724	1.375
0.01	0.043	0.112	0.203	0.311	0.385	0.556	0.594	0.425	1.024	1.081
0.003	0.041	0.083	0.171	0.274	0.372	0.422	0.489	0.74	0.842	1.067
0.006	0.037	0.096	0.159	0.247	0.36	0.432	0.411	0.535	0.793	0.703
0.003	0.048	0.099	0.209	0.257	0.338	0.4	0.618	0.644	0.664	0.767
0.007	0.034	0.054	0.122	0.179	0.301	0.327	0.399	0.507	0.532	0.596
0.004	0.026	0.063	0.137	0.206	0.315	0.376	0.434	0.497	0.502	0.852
0.004	0.032	0.082	0.172	0.28	0.298	0.383	0.504	0.506	0.594	0.614
0.004	0.023	0.069	0.169	0.235	0.393	0.385	0.503	0.5	0.475	0.782
0.003	0.045	0.128	0.249	0.337	0.454	0.491	0.578	0.531	0.707	0.815
0.009	0.05	0.165	0.282	0.364	0.478	0.625	0.664	0.648	0.686	0.816
0.003	0.033	0.089	0.254	0.353	0.475	0.492	0.55	0.675	0.805	0.81
0.007	0.035	0.103	0.175	0.323	0.403	0.494	0.546	0.574	0.639	0.749
0.006	0.047	0.088	0.216	0.268	0.4	0.446	0.54	0.588	0.638	0.972
# Weight Matrix - 4 NEFSC Fall WAA - based on L-W prediction
0.035	0.092	0.163	0.269	0.437	0.606	0.787	1.013	1.191	1.307	1.609
0.028	0.093	0.189	0.302	0.474	0.792	0.895	1.209	1.135	1.42	1.492
0.026	0.106	0.206	0.29	0.428	0.624	0.894	1.099	1.331	1.677	1.338
0.02	0.078	0.182	0.328	0.486	0.665	0.775	0.855	1.145	1.56	1.838
0.021	0.088	0.177	0.299	0.465	0.603	0.631	1.184	0.971	1.38	1.878
0.028	0.087	0.161	0.292	0.543	0.791	1.022	1.003	1.543	1.104	2.239
0.021	0.085	0.164	0.256	0.428	0.606	0.831	1.126	1.011	1.167	2.147
0.018	0.075	0.191	0.278	0.432	0.548	0.79	0.879	1.37	1.786	1.163
0.018	0.073	0.191	0.347	0.509	0.726	1.01	0.623	1.237	1.104	2.038
0.016	0.064	0.172	0.335	0.486	0.692	0.882	1.317	1.308	1.839	1.635
0.014	0.069	0.203	0.322	0.559	0.785	1.162	1.138	1.13	1.392	1.696
0.02	0.08	0.18	0.332	0.551	0.747	0.772	1.284	0.971	1.684	1.586
0.02	0.078	0.146	0.301	0.518	0.888	1.152	0.838	1.892	1.8	1.684
0.018	0.077	0.182	0.28	0.446	0.623	1.29	1.038	1.531	1.508	1.341
0.019	0.073	0.179	0.256	0.404	0.554	0.647	1.058	1.235	1.494	1.317
0.015	0.078	0.185	0.334	0.493	0.656	0.777	1.586	1.009	1.104	1.786
0.025	0.057	0.154	0.287	0.493	0.638	0.677	0.861	1.502	1.104	2.065
0.028	0.087	0.167	0.293	0.505	0.639	0.676	1.081	1.235	1.104	2.237
0.023	0.072	0.155	0.25	0.325	0.487	0.713	0.98	1.317	1.492	1.586
0.024	0.08	0.171	0.296	0.426	0.492	0.831	1.201	0.971	1.104	1.341
0.02	0.072	0.175	0.292	0.462	0.472	0.77	0.916	0.818	1.332	1.341
0.019	0.066	0.145	0.249	0.397	0.588	0.616	0.819	0.851	0.912	1.403
0.02	0.057	0.116	0.21	0.353	0.458	0.562	0.71	0.826	1.348	0.476
0.029	0.071	0.138	0.242	0.338	0.565	0.647	0.792	0.882	1.118	1.347
0.016	0.046	0.1	0.181	0.294	0.42	0.57	0.677	1.136	1.104	1.036
0.016	0.054	0.115	0.192	0.284	0.416	0.578	0.688	0.927	0.864	1.586
0.017	0.051	0.115	0.183	0.275	0.372	0.383	0.532	0.583	0.494	1.403
0.022	0.054	0.121	0.216	0.343	0.369	0.403	0.717	0.907	1.104	1.341
0.017	0.067	0.134	0.219	0.293	0.362	0.437	0.593	0.361	0.551	0.594
0.017	0.073	0.151	0.21	0.311	0.436	0.505	0.518	0.503	0.657	1.341
0.033	0.074	0.122	0.195	0.272	0.336	0.416	0.553	0.478	0.368	0.524
0.019	0.058	0.132	0.177	0.324	0.343	0.402	0.433	0.553	0.442	0.61
0.02	0.081	0.14	0.205	0.262	0.344	0.47	0.487	0.575	0.609	1.138
0.025	0.088	0.163	0.279	0.375	0.354	0.501	0.803	0.538	0.78	1.009
0.026	0.091	0.179	0.267	0.439	0.362	0.433	0.723	0.492	0.714	0.515
0.027	0.098	0.227	0.326	0.413	0.452	0.538	0.587	0.583	0.766	0.71
0.023	0.096	0.219	0.353	0.464	0.517	0.589	0.826	0.706	0.759	0.666
0.018	0.088	0.193	0.326	0.424	0.469	0.63	0.545	0.799	0.814	0.846
0.022	0.073	0.168	0.228	0.338	0.418	0.528	0.57	0.662	0.394	0.798
0.021	0.086	0.161	0.238	0.303	0.414	0.535	0.618	0.633	0.884	0.941
# Weights at Age Pointers
1
1
1
1
2
2
# Selectivity Block Assignment
# Fleet 1 Selectivity Block Assignment
1
1
1
1
1
1
1
1
1
1
1
1
1
1
1
1
1
1
1
1
2
2
2
2
2
2
2
2
2
2
2
2
2
2
2
2
2
2
2
2
# Selectivity Options for each block 1=by age, 2=logisitic, 3=double logistic
2  2
# Selectivity Block #1 Data 1980-1999
0               1               1               0.001           
0.05            1               1               0.001           
0.05            1               1               0.001           
0.25            1               1               0.001           
0.76            1               1               0.001           
1               1               1               0.001           
1               1               1               0.001           
1               1               1               0.001           
1               1               1               0.001           
1               1               1               0.001           
1               1               1               0.001           
5               1               1               0.1             
1.5             1               1               0.1             
0               -1              0               0               
0               -1              0               0               
0               -1              0               0               
0               -1              0               0       
# Selectivity Block #2 Data 2000-2019
0               1               1               0.001           
0.05            1               1               0.001           
0.05            1               1               0.001           
0.25            1               1               0.001           
0.76            1               1               0.001           
1               1               1               0.001           
1               1               1               0.001           
1               1               1               0.001           
1               1               1               0.001           
1               1               1               0.001           
1               1               1               0.001           
5               1               1               0.1             
1.5             1               1               0.1             
0               -1              0               0               
0               -1              0               0               
0               -1              0               0               
0               -1              0               0            
# Fleet Start Age
1  
# Fleet End Age
11  
# Age Range for Average F
6  9
# Average F report option (1=unweighted, 2=Nweighted, 3=Bweighted)
1
# Use Likelihood constants? (1=yes)
1
# Release Mortality by Fleet
0  
# Catch Data
# Fleet-1 Catch Data
5.2000	    98.8700		1071.6573	2671.5003	3938.6892	3933.3145	3632.0300	1185.4000	1138.6000	849.9000	1380.4000	19905.5613
5.1020		981.9391	2192.0968	5056.2346	5338.2646	3648.9226	2401.2969	1581.9269	645.2400	439.8955	621.0348	22911.9539
9.6032		603.2381	3348.5017	4574.7054	4503.8882	3599.2257	3297.6372	2037.9900	1256.3404	736.8410	717.5373	24685.5081
14.5489		662.7905	1477.9175	5174.3104	4915.0974	3910.4588	2268.6850	1271.2812	700.7670	449.3000	910.7918	21756.1835
2.5350		370.4668	990.5746	2422.0608	6031.2415	3244.4471	1935.6340	580.2750	273.8000	307.2000	768.9000	16927.1348
64.7727		157.8268	1217.4245	1336.4092	2404.5717	2872.0480	2228.1623	1081.2893	438.0718	267.1169	181.9448	12249.6381
59.3030		638.7079	737.9771	2283.9708	1700.0419	1476.4634	1307.0657	631.4997	254.9214	104.7931	99.8809		9294.8430
38.4748	    589.6149	1840.4946	1439.2392	2282.2961	1336.9125	895.0365	542.8549	187.1580	61.6175		59.9409		9273.6400
313.5061	785.5375	1839.5305	1833.4106	1597.3727	1444.4166	552.7846	270.3125	177.0974	88.1552		55.3219		8957.4455
27.0248		2618.0019	3216.2013	1990.5414	990.5813	598.3942	764.6100	475.6055	200.0212	102.8321	115.6724	11099.4861
94.3889		1097.5083	5577.1727	3062.0688	1544.3108	578.2525	302.5324	349.4469	192.8772	96.0937		161.0888	13055.7410
2.9522		429.6978	1735.0557	5367.0927	3643.8390	1164.3397	325.7311	167.0268	202.5207	97.9630		105.4959	13241.7146
25.1258		346.9969	1068.3697	2233.2844	5694.3425	2648.9166	833.1270	201.4467	131.3485	117.5917	93.9443		13394.4940
405.4265	243.4072	599.8694	1905.3359	2473.8032	2620.3675	1407.4070	270.6873	294.3543	151.5453	124.9624	10497.1661
123.9447	880.7344	352.9148	1369.0551	2564.5140	1488.1620	1176.0086	682.3300	286.5634	163.2053	132.0997	9219.5321
148.9960	2307.1873	1513.5824	2236.2914	3338.8684	1757.0264	777.2609	696.7250	139.0816	53.2795		51.1154		13019.4142
264.7460	1003.0517	1653.1154	4137.1813	3105.3235	1722.7203	535.8507	272.0128	139.8236	41.5228		45.7196		12921.0676
61.8044		710.1032	492.3824	2289.8186	3440.6869	1677.0676	636.2122	192.2708	90.6803		64.4281		65.4073		9720.8617
6.1199		33.2283		298.1262	981.3387	2823.9879	2970.4362	1193.0519	344.8342	59.3144		50.1234		30.6124		8791.1736
3.8986		57.0027		197.3264	680.4619	1455.0018	1992.9863	1129.1212	396.8086	135.1574	37.9606		31.5430		6117.2686
0.6980		38.5283		376.2586	830.0754	1778.7262	2363.1853	1731.7195	554.6434	149.4357	56.1558		20.0996		7899.5258
14.3577		177.9740	348.8343	1083.9990	2290.7039	2240.7219	1596.6746	881.2325	318.5311	62.1749		36.8663		9052.0701
1.8959		16.9311		89.2080		742.3801	1345.1400	1677.3551	1168.0973	523.8883	274.4085	156.5633	181.3930	6177.2605
39.6085		683.7906	119.5857	470.6891	1223.3657	1194.2577	705.4708	509.9779	262.6032	166.7141	118.6790	5497.2247
10.3198		140.5461	116.4837	391.4280	829.7210	976.5088	497.9447	362.3641	225.8283	76.9386		81.2171		3709.3391
39.0978		359.8298	105.8108	446.0072	823.6379	733.8541	448.6286	205.1090	106.3365	49.6283		51.0888		3369.0289
58.1200		110.1191	120.5878	427.3921	744.3456	564.3166	410.0518	226.0551	106.0335	59.6126		43.2962		2869.9305
136.2007	220.5991	214.8577	696.7781	830.4929	508.0116	229.8210	105.3291	64.1577		29.9976		25.7725		3062.0179
21.4001		55.6427		200.3133	466.3889	842.9860	580.9949	339.6088	187.3584	103.9159	73.1881		66.4011		2944.2184
48.6178		119.5429	206.8835	550.7104	1077.7238	924.0969	534.6710	360.0720	144.2556	52.6786		102.0190	4133.4903
102.8186	247.7530	183.3193	314.5833	716.3683	1109.4899	699.9059	300.0941	184.4955	120.8665	99.9337		4079.6677
43.5078		190.4889	162.4807	208.8876	381.1939	846.3418	887.2638	476.3211	131.0243	64.5363		57.4458		3449.4918
7.0737		475.0723	387.2191	352.5342	524.0018	537.5226	763.5283	793.8769	369.1396	91.0462		100.0794	4401.1052
17.1628		95.3321		166.9840	277.6070	423.1740	635.6262	393.2510	412.7150	349.2497	178.6310	76.6027		3026.3870
9.1307		43.9811		154.3547	401.6994	459.0853	265.6745	553.2335	188.6716	176.3254	138.6454	141.0668	2531.8684
1.7699		76.9969		175.0545	415.0547	448.1550	317.8485	250.8089	339.1412	111.7928	140.0404	137.5962	2414.2589
0.6180		10.5196		255.9549	286.6273	372.5198	305.1735	193.4072	111.1800	162.4862	65.4736		176.6265	1940.5866
0.8530		31.1025		37.5047		565.0303	441.0176	341.9056	244.3052	117.2795	98.7558		106.0373	140.0911	2123.8825
3.5369		7.7752		65.7690		102.8497	722.1613	422.9009	242.8716	194.0263	82.8265		69.2144		207.2296	2121.1614
3.7988		38.8910		18.6874		155.7280	207.1940	730.4821	358.2922	183.1132	82.3909		42.4843		107.7700	1928.8319       
# Discards
# Fleet-1 Discards Data
0	0	0	0	0	0	0	0	0	0	0	0
0	0	0	0	0	0	0	0	0	0	0	0
0	0	0	0	0	0	0	0	0	0	0	0
0	0	0	0	0	0	0	0	0	0	0	0
0	0	0	0	0	0	0	0	0	0	0	0
0	0	0	0	0	0	0	0	0	0	0	0
0	0	0	0	0	0	0	0	0	0	0	0
0	0	0	0	0	0	0	0	0	0	0	0
0	0	0	0	0	0	0	0	0	0	0	0
0	0	0	0	0	0	0	0	0	0	0	0
0	0	0	0	0	0	0	0	0	0	0	0
0	0	0	0	0	0	0	0	0	0	0	0
0	0	0	0	0	0	0	0	0	0	0	0
0	0	0	0	0	0	0	0	0	0	0	0
0	0	0	0	0	0	0	0	0	0	0	0
0	0	0	0	0	0	0	0	0	0	0	0
0	0	0	0	0	0	0	0	0	0	0	0
0	0	0	0	0	0	0	0	0	0	0	0
0	0	0	0	0	0	0	0	0	0	0	0
0	0	0	0	0	0	0	0	0	0	0	0
0	0	0	0	0	0	0	0	0	0	0	0
0	0	0	0	0	0	0	0	0	0	0	0
0	0	0	0	0	0	0	0	0	0	0	0
0	0	0	0	0	0	0	0	0	0	0	0
0	0	0	0	0	0	0	0	0	0	0	0
0	0	0	0	0	0	0	0	0	0	0	0
0	0	0	0	0	0	0	0	0	0	0	0
0	0	0	0	0	0	0	0	0	0	0	0
0	0	0	0	0	0	0	0	0	0	0	0
0	0	0	0	0	0	0	0	0	0	0	0
0	0	0	0	0	0	0	0	0	0	0	0
0	0	0	0	0	0	0	0	0	0	0	0
0	0	0	0	0	0	0	0	0	0	0	0
0	0	0	0	0	0	0	0	0	0	0	0
0	0	0	0	0	0	0	0	0	0	0	0
0	0	0	0	0	0	0	0	0	0	0	0
0	0	0	0	0	0	0	0	0	0	0	0
0	0	0	0	0	0	0	0	0	0	0	0
0	0	0	0	0	0	0	0	0	0	0	0
0	0	0	0	0	0	0	0	0	0	0	0           
# Release Proportion
# Fleet-1 Release Data
0	0	0	0	0	0	0	0	0	0	0
0	0	0	0	0	0	0	0	0	0	0
0	0	0	0	0	0	0	0	0	0	0
0	0	0	0	0	0	0	0	0	0	0
0	0	0	0	0	0	0	0	0	0	0
0	0	0	0	0	0	0	0	0	0	0
0	0	0	0	0	0	0	0	0	0	0
0	0	0	0	0	0	0	0	0	0	0
0	0	0	0	0	0	0	0	0	0	0
0	0	0	0	0	0	0	0	0	0	0
0	0	0	0	0	0	0	0	0	0	0
0	0	0	0	0	0	0	0	0	0	0
0	0	0	0	0	0	0	0	0	0	0
0	0	0	0	0	0	0	0	0	0	0
0	0	0	0	0	0	0	0	0	0	0
0	0	0	0	0	0	0	0	0	0	0
0	0	0	0	0	0	0	0	0	0	0
0	0	0	0	0	0	0	0	0	0	0
0	0	0	0	0	0	0	0	0	0	0
0	0	0	0	0	0	0	0	0	0	0
0	0	0	0	0	0	0	0	0	0	0
0	0	0	0	0	0	0	0	0	0	0
0	0	0	0	0	0	0	0	0	0	0
0	0	0	0	0	0	0	0	0	0	0
0	0	0	0	0	0	0	0	0	0	0
0	0	0	0	0	0	0	0	0	0	0
0	0	0	0	0	0	0	0	0	0	0
0	0	0	0	0	0	0	0	0	0	0
0	0	0	0	0	0	0	0	0	0	0
0	0	0	0	0	0	0	0	0	0	0
0	0	0	0	0	0	0	0	0	0	0
0	0	0	0	0	0	0	0	0	0	0
0	0	0	0	0	0	0	0	0	0	0
0	0	0	0	0	0	0	0	0	0	0
0	0	0	0	0	0	0	0	0	0	0
0	0	0	0	0	0	0	0	0	0	0
0	0	0	0	0	0	0	0	0	0	0
0	0	0	0	0	0	0	0	0	0	0
0	0	0	0	0	0	0	0	0	0	0
0	0	0	0	0	0	0	0	0	0	0              
# Survey Index Data
# Aggregate Index Units (1=biomass, 2=abundance)
2  2  2  2  2  2  2  2  2  2  2  2    
# Age Proportion Index Units
2  2  2  2  2  2  2  2  2  2  2  2  
# Weight at Age Matrix
3  4  2  2  2  2  2  2  2  2  2  2  
# Index Month
4  10  4  10  4  10  4  10  4  10  4  10   
# Index Selectivity Link to Fleet
-1  -1  -1  -1 -1  -1  -1  -1  -1  -1  -1  -1   
# Index Selectivity Options 1=by age, 2=logisitic, 3=double logistic
1  1  1  1  1  1  1  1  1  1  1  1 
# Index Start Age
1  1  1  1  1  1  1  1  1  1  1  1 
# Index End Age
11  11  11  11  11  11  11  11  11  11  11  11
# Estimate Proportion (Yes=1)
1  1  0  0  0  0  0  0  0  0  0  0 
# Use Index (Yes=1)
1  1  0  0  0  0  0  0  0  0  0  0  
# Index-1 Selectivity Data NEFSC Spring
1               -1              0               0.001           
1               -1              0               0.001           
1               -1              0               0.001           
1               -1              0               0.001           
1               -1              0               0.001           
1               -1              0               0.001           
1               -1              0               0.001           
1               -1              0               0.001           
1               -1              0               0.001           
0               -1              0               0.001           
0               -1              0               0.001           
0               -1              0               0               
0               -1              0               0               
0               -1              0               0               
0               -1              0               0               
0               -1              0               0               
0               -1              0               0                 
# Index-2 Selectivity Data NEFSC Fall
1               -1              0               0.001           
1               -1              0               0.001           
1               -1              0               0.001           
1               -1              0               0.001           
1               -1              0               0.001           
1               -1              0               0.001           
1               -1              0               0.001           
1               -1              0               0.001           
1               -1              0               0.001           
0               -1              0               0.001           
0               -1              0               0.001           
0               -1              0               0               
0               -1              0               0               
0               -1              0               0               
0               -1              0               0               
0               -1              0               0               
0               -1              0               0                 
# Index-3 Selectivity Data MADMF Spring
1               -1              0               0.001           
1               -1              0               0.001           
1               -1              0               0.001           
1               -1              0               0.001           
1               -1              0               0.001           
1               -1              0               0.001           
1               -1              0               0.001           
1               -1              0               0.001           
1               -1              0               0.001           
0               -1              0               0.001           
0               -1              0               0.001           
0               -1              0               0               
0               -1              0               0               
0               -1              0               0               
0               -1              0               0               
0               -1              0               0               
0               -1              0               0                 
# Index-4 Selectivity Data MADMF Fall
1               -1              0               0.001           
1               -1              0               0.001           
1               -1              0               0.001           
1               -1              0               0.001           
1               -1              0               0.001           
1               -1              0               0.001           
1               -1              0               0.001           
1               -1              0               0.001           
1               -1              0               0.001           
0               -1              0               0.001           
0               -1              0               0.001           
0               -1              0               0               
0               -1              0               0               
0               -1              0               0               
0               -1              0               0               
0               -1              0               0               
0               -1              0               0        
# Index-5 Selectivity Data VAST NEFSC Spring
1               -1              0               0.001           
1               -1              0               0.001           
1               -1              0               0.001           
1               -1              0               0.001           
1               -1              0               0.001           
1               -1              0               0.001           
1               -1              0               0.001           
1               -1              0               0.001           
1               -1              0               0.001           
0               -1              0               0.001           
0               -1              0               0.001           
0               -1              0               0               
0               -1              0               0               
0               -1              0               0               
0               -1              0               0               
0               -1              0               0               
0               -1              0               0  
# Index-6 Selectivity Data VAST NEFSC Fall
1               -1              0               0.001           
1               -1              0               0.001           
1               -1              0               0.001           
1               -1              0               0.001           
1               -1              0               0.001           
1               -1              0               0.001           
1               -1              0               0.001           
1               -1              0               0.001           
1               -1              0               0.001           
0               -1              0               0.001           
0               -1              0               0.001           
0               -1              0               0               
0               -1              0               0               
0               -1              0               0               
0               -1              0               0               
0               -1              0               0               
0               -1              0               0   
# Index-7 Selectivity Data VAST MADMF Spring
1               -1              0               0.001           
1               -1              0               0.001           
1               -1              0               0.001           
1               -1              0               0.001           
1               -1              0               0.001           
1               -1              0               0.001           
1               -1              0               0.001           
1               -1              0               0.001           
1               -1              0               0.001           
0               -1              0               0.001           
0               -1              0               0.001           
0               -1              0               0               
0               -1              0               0               
0               -1              0               0               
0               -1              0               0               
0               -1              0               0               
0               -1              0               0  
# Index-8 Selectivity Data VAST MADMF Fall
1               -1              0               0.001           
1               -1              0               0.001           
1               -1              0               0.001           
1               -1              0               0.001           
1               -1              0               0.001           
1               -1              0               0.001           
1               -1              0               0.001           
1               -1              0               0.001           
1               -1              0               0.001           
0               -1              0               0.001           
0               -1              0               0.001           
0               -1              0               0               
0               -1              0               0               
0               -1              0               0               
0               -1              0               0               
0               -1              0               0               
0               -1              0               0     
# Index-9 Selectivity Data VAST MENH Spring
1               -1              0               0.001           
1               -1              0               0.001           
1               -1              0               0.001           
1               -1              0               0.001           
1               -1              0               0.001           
1               -1              0               0.001           
1               -1              0               0.001           
1               -1              0               0.001           
1               -1              0               0.001           
0               -1              0               0.001           
0               -1              0               0.001           
0               -1              0               0               
0               -1              0               0               
0               -1              0               0               
0               -1              0               0               
0               -1              0               0               
0               -1              0               0           
# Index-10 Selectivity Data VAST MENH Fall
1               -1              0               0.001           
1               -1              0               0.001           
1               -1              0               0.001           
1               -1              0               0.001           
1               -1              0               0.001           
1               -1              0               0.001           
1               -1              0               0.001           
1               -1              0               0.001           
1               -1              0               0.001           
0               -1              0               0.001           
0               -1              0               0.001           
0               -1              0               0               
0               -1              0               0               
0               -1              0               0               
0               -1              0               0               
0               -1              0               0               
0               -1              0               0   
# Index-11 Selectivity Data VAST All Spring
1               -1              0               0.001           
1               -1              0               0.001           
1               -1              0               0.001           
1               -1              0               0.001           
1               -1              0               0.001           
1               -1              0               0.001           
1               -1              0               0.001           
1               -1              0               0.001           
1               -1              0               0.001           
0               -1              0               0.001           
0               -1              0               0.001           
0               -1              0               0               
0               -1              0               0               
0               -1              0               0               
0               -1              0               0               
0               -1              0               0               
0               -1              0               0 
# Index-12 Selectivity Data VAST All Fall
1               -1              0               0.001           
1               -1              0               0.001           
1               -1              0               0.001           
1               -1              0               0.001           
1               -1              0               0.001           
1               -1              0               0.001           
1               -1              0               0.001           
1               -1              0               0.001           
1               -1              0               0.001           
0               -1              0               0.001           
0               -1              0               0.001           
0               -1              0               0               
0               -1              0               0               
0               -1              0               0               
0               -1              0               0               
0               -1              0               0               
0               -1              0               0 
# Index-1 NEFSC Spring
1980	18.3308	0.1479	0	    2.2375	4.092	3.0357	2.9795	1.6078	1.073	0.2438	0.2978	0.2308	0.0851	30
1981	21.5633	0.0935	0.3784	4.5049	4.9939	3.8543	2.7996	1.7478	1.4533	0.7816	0.3991	0.3229	0.3167	30
1982	11.6342	0.1556	0.0171	0.9436	1.8561	3.2488	2.0787	1.2863	0.9078	0.4872	0.3488	0.188	0.1208	30
1983	17.5712	0.2222	0	    3.7452	3.448	4.6445	2.7178	1.2027	0.5868	0.3224	0.1457	0.147	0.2172	30
1984	4.954	0.1399	0	    0.5223	0.9169	1.0968	1.2283	0.7359	0.255	0.0818	0.0093	0.0216	0.0563	30
1985	5.4092	0.0984	0.0215	0.3972	1.1966	1.0115	0.7662	0.8271	0.4845	0.408	0.1095	0.0729	0.0927	30
1986	3.7114	0.1527	0.0094	0.7868	0.4389	1.1593	0.6034	0.3218	0.1891	0.1282	0.0381	0.0131	0.0044	30
1987	4.1127	0.1121	0.1073	0.773	1.2959	0.7473	0.5581	0.2674	0.1632	0.074	0.0287	0.0309	0.0209	30
1988	4.7344	0.1349	0.5841	1.3975	1.0333	0.9328	0.3062	0.229	0.097	0.0271	0.0813	0.0371	0.0096	30
1989	4.8082	0.1495	0.0135	1.5801	1.2724	0.8639	0.4915	0.2787	0.1449	0.0284	0.0705	0.0066	0.0045	30
1990	5.59	0.1751	0.0051	0.8753	2.7865	1.0554	0.5204	0.1825	0.0665	0.0483	0.048	0	    0	    30
1991	6.4825	0.1493	0.0335	0.9047	1.9469	2.3781	0.9234	0.1466	0.0652	0.0203	0.0181	0	    0.0266	30
1992	4.457	0.1045	0.0903	0.4116	1.2948	0.9223	1.1264	0.4328	0.0992	0.0383	0.0239	0.0126	0.005	30
1993	5.3285	0.1315	0.3285	0.8688	1.1606	1.5667	0.6311	0.4616	0.1659	0.0834	0.015	0.0073	0.0401	30
1994	4.8846	0.1512	0.0288	1.4453	1.1378	1.1162	0.7388	0.2285	0.0984	0.0353	0.0068	0	    0.0275	30
1995	9.7324	0.1678	0.0322	2.0388	3.4112	2.3253	1.123	0.4462	0.215	0.0246	0.0315	0.0268	0.0471	30
1996	7.7888	0.1343	0.0224	0.5115	1.8324	3.2889	1.3045	0.5079	0.2151	0.0444	0.0178	0	    0	    30
1997	8.0431	0.3195	0.0114	0.8472	1.6361	2.5874	2.2926	0.5481	0.0881	0.0123	0	    0.0054	0.0153	30
1998	4.9407	0.1142	0.0582	0.2283	1.1609	1.1253	1.2904	0.8044	0.1856	0.0628	0.0039	0.0085	0.0119	30
1999	4.4717	0.1287	0.0854	0.536	0.5397	1.1732	0.7997	0.7014	0.4294	0.1687	0.0231	0.0152	0	    30
2000	11.4443	0.1522	0.0478	2.4559	2.9133	2.4544	1.7576	0.9043	0.628	0.1536	0.0738	0.0217	0.0161	30
2001	11.0213	0.1543	0	    0.7895	3.7539	3.4322	1.418	0.8609	0.4084	0.1903	0.0997	0.0503	0.0186	30
2002	7.9472	0.1333	0.0679	0.3611	1.3187	2.871	1.8072	0.597	0.3889	0.2361	0.1722	0.0651	0.0079	30
2003	4.2622	0.1227	0.0359	0.8082	0.2648	0.7164	1.2621	0.6127	0.221	0.1264	0.0892	0.0408	0.0715	30
2004	10.4496	0.2319	0.4434	1.0582	3.0948	2.4247	1.5212	1.2344	0.3511	0.0991	0.1829	0.0121	0.028	30
2005	5.0231	0.3181	0.1932	0.773	1.0256	1.2572	0.9183	0.4988	0.2274	0.1138	0	    0.0164	0	    30
2006	8.1576	0.1566	0.7611	1.9638	1.9099	1.8048	0.8168	0.3759	0.3472	0.1187	0.0185	0.0179	0.0234	30
2007	11.135	0.1248	0.2552	4.0943	3.2206	1.8403	1.1247	0.3351	0.1388	0.0681	0.0096	0.043	0.0054	30
2008	8.8964	0.1218	0.1183	0.7201	2.2009	3.0153	1.6469	0.7133	0.2689	0.0861	0.0595	0.0376	0.0298	30
2009	6.967	0.1238	0.3619	1.7867	0.6295	1.6853	1.3138	0.6746	0.3256	0.1184	0.0395	0.0101	0.021	30
2010	7.9845	0.1283	0.1566	1.7452	2.1569	1.0268	1.3844	0.9089	0.3509	0.1243	0.0826	0.0297	0.0181	30
2011	6.3848	0.1067	0.3986	0.7014	1.1905	1.0838	0.9104	0.6714	0.7161	0.3938	0.1838	0.0984	0.0367	30
2012	5.9963	0.1328	0.3614	0.7651	1.103	0.9783	0.9562	0.5244	0.5564	0.4372	0.1909	0.0511	0.0721	30
2013	4.2493	0.1186	0.2534	0.4368	1.1488	0.6109	0.3693	0.6778	0.1918	0.2474	0.1734	0.0886	0.0489	30
2014	8.9163	0.2102	0.5532	1.5603	1.6633	1.8796	1.055	0.4584	0.7678	0.2614	0.2605	0.263	0.194	30
2015	6.8064	0.1289	0.0651	2.0921	1.9945	1.1106	0.6439	0.2709	0.1664	0.25	0.0761	0.0615	0.0747	30
2016	9.7681	0.0935	0.486	0.7546	4.2384	1.9287	0.9483	0.451	0.165	0.2366	0.2502	0.1237	0.1852	30
2017	7.0949	0.1091	0.0563	0.4252	0.6031	3.3459	1.3616	0.527	0.3483	0.1143	0.0683	0.1169	0.1286	30
2018	6.0476	0.113	0.5106	0.1806	0.6447	0.6479	1.8715	0.8865	0.4079	0.2703	0.2028	0.1159	0.3095	30
2019	3.5527	0.1638	0.151	0.9571	0.259	0.6652	0.3169	0.6526	0.2511	0.1212	0.0469	0.0313	0.0994	30
# Index-2 NEFSC Fall
1980	14.9208	0.0891	0.8866	2.6263	2.9108	2.7567	1.5241	0.98	0.907	0.56	0.2957	0.1905	0.4786	30
1981	13.5713	0.1019	0.3972	3.1151	2.3086	2.4639	2.0882	1.4172	0.574	0.5134	0.0701	0.157	0.4615	30
1982	5.891	0.1402	0.219	0.9137	1.661	1.2558	0.5633	0.4798	0.2958	0.1649	0.1868	0.0726	0.1344	30
1983	9.4234	0.1196	0.5501	1.1705	2.0154	2.8862	1.3081	0.6636	0.3306	0.1712	0.0939	0.0281	0.1782	30
1984	7.1617	0.1735	0	    2.2004	1.573	1.2099	1.0577	0.5112	0.1218	0.1009	0	    0.028	0.0654	30
1985	7.1825	0.1232	1.0349	0.9557	2.7189	0.9805	0.7782	0.4059	0.1878	0.0502	0.0311	0	    0.0126	30
1986	5.9571	0.2034	0.5082	1.633	0.977	1.4759	0.4665	0.4188	0.1559	0.0966	0.0355	0.0133	0.0404	30
1987	5.0763	0.1093	0.6337	1.6776	1.222	0.4148	0.6573	0.2229	0.1029	0.0452	0.0391	0	    0.0232	30
1988	10.5433	0.2722	3.1439	3.4106	2.5079	0.7833	0.4694	0.1023	0.0351	0	    0.0279	0	    0.0239	30
1989	9.3312	0.1933	0.4596	4.6369	2.8192	0.9683	0.1703	0.0717	0.0137	0.023	0.0185	0.0169	0.0484	30
1990	16.0184	0.1488	1.5716	2.5547	7.7674	2.8473	0.5739	0.2443	0.114	0.0686	0.0212	0.0204	0.0403	30
1991	7.8016	0.1177	0.4926	2.6137	2.0215	1.5507	0.701	0.2831	0.0435	0.0625	0	    0.0101	0.0204	30
1992	6.6184	0.1675	0.6946	1.2163	2.0626	1.2973	0.7746	0.2981	0.0673	0.0485	0.0304	0.022	0.0373	30
1993	12.8876	0.1545	2.1704	2.7811	3.5328	2.3414	1.0342	0.7931	0.1094	0.0389	0.0366	0.043	0.043	30
1994	18.8738	0.1988	3.8676	8.2182	2.9518	1.6874	1.2774	0.3908	0.2484	0.1305	0.0127	0.0305	0.0457	30
1995	11.7662	0.1412	0.5258	3.7688	3.7879	2.476	0.8941	0.2109	0.0264	0.0261	0	    0	    0.0152	30
1996	7.6412	0.1357	0.5544	0.7979	2.0262	2.7805	0.9172	0.3817	0.0711	0.042	0.0323	0	    0.0304	30
1997	6.4696	0.1307	0.367	1.232	1.5003	1.8954	1.0651	0.3131	0.042	0.01	0.0121	0	    0.0153	30
1998	9.677	0.1466	1.8821	0.6566	2.0227	1.9753	1.8514	1.0857	0.113	0.046	0.0096	0.011	0.0231	30
1999	11.1698	0.1704	2.0651	2.2434	2.0903	2.1194	1.5685	0.8446	0.196	0.0264	0	    0	    0	    30
2000	12.7692	0.2097	0.5685	3.1804	4.0797	2.2114	1.4036	0.7088	0.3868	0.1323	0.0342	0.0311	0.0311	30
2001	10.3742	0.1924	0.4111	1.2671	3.2896	2.5819	1.4242	0.5291	0.3958	0.2554	0.1616	0.0242	0.0368	30
2002	9.9864	0.1672	1.1215	0.8081	1.3586	3.3939	1.7798	0.5308	0.3997	0.2795	0.1642	0.0613	0.1017	30
2003	9.518	0.2029	0.8216	2.3779	1.2458	1.7494	1.7492	0.8823	0.3383	0.1311	0.0558	0.0825	0.1092	30
2004	6.4118	0.0958	1.0623	1.2097	1.3288	1.1753	0.8082	0.485	0.1892	0.091	0.0299	0	    0.0233	30
2005	7.0081	0.1341	0.9846	2.0616	0.9653	1.388	0.7636	0.4413	0.1546	0.1118	0.0805	0.0354	0.057	30
2006	12.9185	0.1842	2.0513	2.8244	2.9832	2.463	1.3217	0.5569	0.4336	0.1763	0.0321	0.0407	0.0503	30
2007	12.3712	0.18	1.1309	3.8616	3.3097	2.4986	0.8831	0.4624	0.1496	0.0382	0.0188	0	    0	    30
2008	15.6688	0.1373	2.3544	1.9639	5.1835	3.1915	1.4249	0.9303	0.4164	0.0472	0.0684	0.0152	0.045	30
2009	7.9249	0.1522	1.6834	2.1252	1.1163	1.3424	1.0831	0.355	0.0891	0.051	0.0238	0.0274	0.0274	30
2010	7.0343	0.1217	1.0152	1.569	1.1321	0.8116	1.1521	0.7027	0.3389	0.0815	0.046	0.0437	0.058	30
2011	10.2758	0.2185	2.5509	1.3649	1.343	1.7898	0.7375	1.0006	0.8061	0.3736	0.1718	0.0322	0.1319	30
2012	5.6553	0.1627	0.8476	1.2115	0.8649	0.8512	0.6742	0.3733	0.3864	0.2449	0.1152	0.0267	0.0476	30
2013	5.7671	0.1067	1.13	1.359	1.0339	0.5765	0.3386	0.5385	0.1662	0.1049	0.1742	0.031	0.0349  30
2014	11.5069	0.1309	5.1951	2.2142	1.7304	0.965	0.2675	0.2046	0.5222	0.0859	0.1605	0.0926	0.1562	30
2015	11.4404	0.1198	0.7228	4.888	2.1723	1.4399	0.9967	0.3489	0.1775	0.278	0.103	0.0695	0.2576	30
2016	9.1311	0.1175	0.7302	0.5207	4.0171	1.619	0.7921	0.5696	0.1887	0.115	0.2357	0.1185	0.3338	30
2017	6.0947	0.1573	0.1586	1.3217	0.638	2.406	0.7733	0.2711	0.1347	0.1065	0.0333	0.0954	0.2137	30
2018	6.4596	0.115	0.9829	0.1723	1.3866	0.3537	2.1795	0.6294	0.2717	0.2255	0.0516	0.0639	0.1877	30
2019	4.9532	0.1392	0.5759	1.4473	0.295	0.9008	0.3786	0.8652	0.1379	0.1275	0.0505	0.0168	0.1304	50
# Index-3 MADMF Spring
1980	176.8148	0.1385	0	0	0	0	0	0	0	0	0	0	0	30
1981	123.187		0.2127	0	0	0	0	0	0	0	0	0	0	0	30
1982	100.74		0.1685	0	0	0	0	0	0	0	0	0	0	0	30
1983	51.0435		0.2476	0	0	0	0	0	0	0	0	0	0	0	30
1984	50.8628		0.146	0	0	0	0	0	0	0	0	0	0	0	30
1985	67.8774		0.2115	0	0	0	0	0	0	0	0	0	0	0	30
1986	115.6208	0.1887	0	0	0	0	0	0	0	0	0	0	0	30
1987	81.1845		0.2656	0	0	0	0	0	0	0	0	0	0	0	30
1988	159.6017	0.1749	0	0	0	0	0	0	0	0	0	0	0	30
1989	142.6139	0.1907	0	0	0	0	0	0	0	0	0	0	0	30
1990	91.9526		0.1663	0	0	0	0	0	0	0	0	0	0	0	30
1991	69.7775		0.1406	0	0	0	0	0	0	0	0	0	0	0	30
1992	69.3847		0.192	0	0	0	0	0	0	0	0	0	0	0	30
1993	56.7274		0.1771	0	0	0	0	0	0	0	0	0	0	0	30
1994	93.4733		0.1765	0	0	0	0	0	0	0	0	0	0	0	30
1995	83.6837		0.1097	0	0	0	0	0	0	0	0	0	0	0	30
1996	42.8457		0.1706	0	0	0	0	0	0	0	0	0	0	0	30
1997	42.2715		0.1976	0	0	0	0	0	0	0	0	0	0	0	30
1998	31.2437		0.1657	0	0	0	0	0	0	0	0	0	0	0	30
1999	37.6646		0.3081	0	0	0	0	0	0	0	0	0	0	0	30
2000	91.4824		0.1751	0	0	0	0	0	0	0	0	0	0	0	30
2001	43.5823		0.211	0	0	0	0	0	0	0	0	0	0	0	30
2002	41.2989		0.2066	0	0	0	0	0	0	0	0	0	0	0	30
2003	60.6828		0.1658	0	0	0	0	0	0	0	0	0	0	0	30
2004	65.6637		0.1464	0	0	0	0	0	0	0	0	0	0	0	30
2005	56.5827		0.1676	0	0	0	0	0	0	0	0	0	0	0	30
2006	88.9382		0.1302	0	0	0	0	0	0	0	0	0	0	0	30
2007	84.9151		0.2235	0	0	0	0	0	0	0	0	0	0	0	30
2008	70.6701		0.1049	0	0	0	0	0	0	0	0	0	0	0	30
2009	88.761		0.2215	0	0	0	0	0	0	0	0	0	0	0	30
2010	45.8745		0.1376	0	0	0	0	0	0	0	0	0	0	0	30
2011	38.5474		0.2715	0	0	0	0	0	0	0	0	0	0	0	30
2012	28.2761		0.3744	0	0	0	0	0	0	0	0	0	0	0	30
2013	26.8108		0.2667	0	0	0	0	0	0	0	0	0	0	0	30
2014	16.5427		0.2871	0	0	0	0	0	0	0	0	0	0	0	30
2015	38.3749		0.1096	0	0	0	0	0	0	0	0	0	0	0	30
2016	27.58		0.3192	0	0	0	0	0	0	0	0	0	0	0	30
2017	18.0574		0.1789	0	0	0	0	0	0	0	0	0	0	0	30
2018	11.2079		0.0915	0	0	0	0	0	0	0	0	0	0	0	30
2019	9.4412		0.3559	0	0	0	0	0	0	0	0	0	0	0	30
# Index-4 MADMF Fall
1980	74.8149		0.1485	0	0	0	0	0	0	0	0	0	0	0	30
1981	23.5323		0.2764	0	0	0	0	0	0	0	0	0	0	0	30
1982	46.7827		0.2294	0	0	0	0	0	0	0	0	0	0	0	30
1983	79.2667		0.1956	0	0	0	0	0	0	0	0	0	0	0	30
1984	23.0551		0.2938	0	0	0	0	0	0	0	0	0	0	0	30
1985	71.6644		0.1759	0	0	0	0	0	0	0	0	0	0	0	30
1986	73.8748		0.187	0	0	0	0	0	0	0	0	0	0	0	30
1987	71.0218		0.2927	0	0	0	0	0	0	0	0	0	0	0	30
1988	145.1485	0.1847	0	0	0	0	0	0	0	0	0	0	0	30
1989	170.6813	0.1505	0	0	0	0	0	0	0	0	0	0	0	30
1990	72.8607		0.1701	0	0	0	0	0	0	0	0	0	0	0	30
1991	131.8771	0.1838	0	0	0	0	0	0	0	0	0	0	0	30
1992	91.673		0.161	0	0	0	0	0	0	0	0	0	0	0	30
1993	117.7525	0.117	0	0	0	0	0	0	0	0	0	0	0	30
1994	125.6327	0.1239	0	0	0	0	0	0	0	0	0	0	0	30
1995	66.8632		0.1334	0	0	0	0	0	0	0	0	0	0	0	30
1996	66.1958		0.1026	0	0	0	0	0	0	0	0	0	0	0	30
1997	43.2498		0.1065	0	0	0	0	0	0	0	0	0	0	0	30
1998	44.3996		0.1444	0	0	0	0	0	0	0	0	0	0	0	30
1999	64.0404		0.1622	0	0	0	0	0	0	0	0	0	0	0	30
2000	58.1562		0.146	0	0	0	0	0	0	0	0	0	0	0	30
2001	66.3511		0.059	0	0	0	0	0	0	0	0	0	0	0	30
2002	66.8239		0.0983	0	0	0	0	0	0	0	0	0	0	0	30
2003	59.3716		0.1904	0	0	0	0	0	0	0	0	0	0	0	30
2004	81.9604		0.1604	0	0	0	0	0	0	0	0	0	0	0	30
2005	95.4013		0.1301	0	0	0	0	0	0	0	0	0	0	0	30
2006	73.0686		0.1877	0	0	0	0	0	0	0	0	0	0	0	30
2007	55.4117		0.121	0	0	0	0	0	0	0	0	0	0	0	30
2008	55.2947		0.1111	0	0	0	0	0	0	0	0	0	0	0	30
2009	51.3499		0.1213	0	0	0	0	0	0	0	0	0	0	0	30
2010	38.7587		0.1411	0	0	0	0	0	0	0	0	0	0	0	30
2011	60.8884		0.16	0	0	0	0	0	0	0	0	0	0	0	30
2012	15.2916		0.1619	0	0	0	0	0	0	0	0	0	0	0	30
2013	16.5756		0.2068	0	0	0	0	0	0	0	0	0	0	0	30
2014	18.3759		0.1306	0	0	0	0	0	0	0	0	0	0	0	30
2015	31.8064		0.0876	0	0	0	0	0	0	0	0	0	0	0	30
2016	17.9522		0.1329	0	0	0	0	0	0	0	0	0	0	0	30
2017	15.7109		0.1513	0	0	0	0	0	0	0	0	0	0	0	30
2018	11.508		0.1998	0	0	0	0	0	0	0	0	0	0	0	30
2019	1.0812		0.441	0	0	0	0	0	0	0	0	0	0	0	30
# Index-5 VAST NEFSC Spring
1980	1.624261	1.600079	0	0	0	0	0	0	0	0	0	0	0	30
1981	2.418923	1.871004	0	0	0	0	0	0	0	0	0	0	0	30
1982	1.690856	1.646705	0	0	0	0	0	0	0	0	0	0	0	30
1983	1.527177	1.327113	0	0	0	0	0	0	0	0	0	0	0	30
1984	0.959487	0.991291	0	0	0	0	0	0	0	0	0	0	0	30
1985	1.093316	1.590513	0	0	0	0	0	0	0	0	0	0	0	30
1986	1.042059	1.421661	0	0	0	0	0	0	0	0	0	0	0	30
1987	0.767504	1.228417	0	0	0	0	0	0	0	0	0	0	0	30
1988	0.687287	0.942532	0	0	0	0	0	0	0	0	0	0	0	30
1989	0.805628	1.304961	0	0	0	0	0	0	0	0	0	0	0	30
1990	0.898579	1.556235	0	0	0	0	0	0	0	0	0	0	0	30
1991	1.073016	1.236569	0	0	0	0	0	0	0	0	0	0	0	30
1992	1.059383	1.223824	0	0	0	0	0	0	0	0	0	0	0	30
1993	0.934029	0.950905	0	0	0	0	0	0	0	0	0	0	0	30
1994	0.788793	0.968371	0	0	0	0	0	0	0	0	0	0	0	30
1995	1.098643	1.143647	0	0	0	0	0	0	0	0	0	0	0	30
1996	0.975598	1.079366	0	0	0	0	0	0	0	0	0	0	0	30
1997	1.140711	1.121196	0	0	0	0	0	0	0	0	0	0	0	30
1998	1.004591	1.131597	0	0	0	0	0	0	0	0	0	0	0	30
1999	1.040635	1.029118	0	0	0	0	0	0	0	0	0	0	0	30
2000	1.184818	1.105557	0	0	0	0	0	0	0	0	0	0	0	30
2001	0.964289	1.008601	0	0	0	0	0	0	0	0	0	0	0	30
2002	1.096379	0.975166	0	0	0	0	0	0	0	0	0	0	0	30
2003	0.936009	0.956578	0	0	0	0	0	0	0	0	0	0	0	30
2004	0.752346	0.727725	0	0	0	0	0	0	0	0	0	0	0	30
2005	0.55937		0.622829	0	0	0	0	0	0	0	0	0	0	0	30
2006	0.659254	0.643345	0	0	0	0	0	0	0	0	0	0	0	30
2007	0.725428	0.739291	0	0	0	0	0	0	0	0	0	0	0	30
2008	0.727831	1.018336	0	0	0	0	0	0	0	0	0	0	0	30
2009	0.55798		0.388646	0	0	0	0	0	0	0	0	0	0	0	30
2010	0.58575		0.441252	0	0	0	0	0	0	0	0	0	0	0	30
2011	0.567933	0.429594	0	0	0	0	0	0	0	0	0	0	0	30
2012	0.543376	0.447061	0	0	0	0	0	0	0	0	0	0	0	30
2013	0.388871	0.334708	0	0	0	0	0	0	0	0	0	0	0	30
2014	0.427818	0.320441	0	0	0	0	0	0	0	0	0	0	0	30
2015	0.44909		0.357784	0	0	0	0	0	0	0	0	0	0	0	30
2016	0.527824	0.406572	0	0	0	0	0	0	0	0	0	0	0	30
2017	0.5907		0.489465	0	0	0	0	0	0	0	0	0	0	0	30
2018	0.445133	0.552009	0	0	0	0	0	0	0	0	0	0	0	30
2019	0.396822	0.330425	0	0	0	0	0	0	0	0	0	0	0	30
# Index-6 VAST NEFSC Fall
1980	1.349011	1.145832	0	0	0	0	0	0	0	0	0	0	0	30
1981	1.43331		1.257948	0	0	0	0	0	0	0	0	0	0	0	30
1982	0.954704	1.274154	0	0	0	0	0	0	0	0	0	0	0	30
1983	1.097789	1.126495	0	0	0	0	0	0	0	0	0	0	0	30
1984	0.920103	1.013718	0	0	0	0	0	0	0	0	0	0	0	30
1985	1.037945	1.226113	0	0	0	0	0	0	0	0	0	0	0	30
1986	0.823297	1.028957	0	0	0	0	0	0	0	0	0	0	0	30
1987	0.800822	0.91667	    0	0	0	0	0	0	0	0	0	0	0	30
1988	0.779186	0.805012	0	0	0	0	0	0	0	0	0	0	0	30
1989	0.827311	0.886011	0	0	0	0	0	0	0	0	0	0	0	30
1990	1.19694		1.378484	0	0	0	0	0	0	0	0	0	0	0	30
1991	1.1004		1.287161	0	0	0	0	0	0	0	0	0	0	0	30
1992	0.827903	1.128918	0	0	0	0	0	0	0	0	0	0	0	30
1993	1.111615	1.351101	0	0	0	0	0	0	0	0	0	0	0	30
1994	0.891352	0.908294	0	0	0	0	0	0	0	0	0	0	0	30
1995	0.935462	0.929544	0	0	0	0	0	0	0	0	0	0	0	30
1996	0.965012	0.898966	0	0	0	0	0	0	0	0	0	0	0	30
1997	0.886367	1.052922	0	0	0	0	0	0	0	0	0	0	0	30
1998	0.999327	1.106287	0	0	0	0	0	0	0	0	0	0	0	30
1999	0.961153	0.918963	0	0	0	0	0	0	0	0	0	0	0	30
2000	1.028852	1.333292	0	0	0	0	0	0	0	0	0	0	0	30
2001	1.043338	1.153067	0	0	0	0	0	0	0	0	0	0	0	30
2002	0.88284		1.229494	0	0	0	0	0	0	0	0	0	0	0	30
2003	0.999823	1.210467	0	0	0	0	0	0	0	0	0	0	0	30
2004	0.727202	0.790938	0	0	0	0	0	0	0	0	0	0	0	30
2005	0.676107	0.678622	0	0	0	0	0	0	0	0	0	0	0	30
2006	0.702584	0.722012	0	0	0	0	0	0	0	0	0	0	0	30
2007	0.678854	0.656515	0	0	0	0	0	0	0	0	0	0	0	30
2008	0.767731	0.676461	0	0	0	0	0	0	0	0	0	0	0	30
2009	0.900728	0.798118	0	0	0	0	0	0	0	0	0	0	0	30
2010	0.839195	0.724847	0	0	0	0	0	0	0	0	0	0	0	30
2011	0.959889	0.81618	    0	0	0	0	0	0	0	0	0	0	0	30
2012	0.812324	0.65177	    0	0	0	0	0	0	0	0	0	0	0	30
2013	0.699995	0.590815	0	0	0	0	0	0	0	0	0	0	0	30
2014	0.783307	0.752905	0	0	0	0	0	0	0	0	0	0	0	30
2015	1.115086	0.873041	0	0	0	0	0	0	0	0	0	0	0	30
2016	1.195558	0.937184	0	0	0	0	0	0	0	0	0	0	0	30
2017	0.843828	0.935084	0	0	0	0	0	0	0	0	0	0	0	30
2018	0.592853	0.709316	0	0	0	0	0	0	0	0	0	0	0	30
2019	0.652559	0.652077	0	0	0	0	0	0	0	0	0	0	0	30
# Index-7 VAST MADMF Spring
1980	-999	-999	-999	-999	-999	-999	-999	-999	-999	-999	-999	-999	-999	0
1981	2.327943	4.302472	0	0	0	0	0	0	0	0	0	0	0	30
1982	1.340192	1.064761	0	0	0	0	0	0	0	0	0	0	0	30
1983	1.647719	1.49189	    0	0	0	0	0	0	0	0	0	0	0	30
1984	0.777865	0.620473	0	0	0	0	0	0	0	0	0	0	0	30
1985	1.013616	1.226475	0	0	0	0	0	0	0	0	0	0	0	30
1986	1.285097	1.495114	0	0	0	0	0	0	0	0	0	0	0	30
1987	0.625166	0.938826	0	0	0	0	0	0	0	0	0	0	0	30
1988	0.703186	0.893353	0	0	0	0	0	0	0	0	0	0	0	30
1989	1.002461	1.043385	0	0	0	0	0	0	0	0	0	0	0	30
1990	1.489129	1.608023	0	0	0	0	0	0	0	0	0	0	0	30
1991	1.142058	0.930206	0	0	0	0	0	0	0	0	0	0	0	30
1992	1.207099	1.124156	0	0	0	0	0	0	0	0	0	0	0	30
1993	0.81407		0.718873	0	0	0	0	0	0	0	0	0	0	0	30
1994	0.818204	0.881112	0	0	0	0	0	0	0	0	0	0	0	30
1995	1.163848	1.242536	0	0	0	0	0	0	0	0	0	0	0	30
1996	1.037891	1.028076	0	0	0	0	0	0	0	0	0	0	0	30
1997	0.981061	1.008685	0	0	0	0	0	0	0	0	0	0	0	30
1998	0.824507	0.912873	0	0	0	0	0	0	0	0	0	0	0	30
1999	0.971848	0.810481	0	0	0	0	0	0	0	0	0	0	0	30
2000	1.313073	1.251825	0	0	0	0	0	0	0	0	0	0	0	30
2001	1.146519	1.045525	0	0	0	0	0	0	0	0	0	0	0	30
2002	0.971602	0.799269	0	0	0	0	0	0	0	0	0	0	0	30
2003	0.994313	0.865554	0	0	0	0	0	0	0	0	0	0	0	30
2004	1.180381	0.856487	0	0	0	0	0	0	0	0	0	0	0	30
2005	0.829412	0.917812	0	0	0	0	0	0	0	0	0	0	0	30
2006	0.979842	0.672077	0	0	0	0	0	0	0	0	0	0	0	30
2007	1.182247	1.049126	0	0	0	0	0	0	0	0	0	0	0	30
2008	1.278099	1.087455	0	0	0	0	0	0	0	0	0	0	0	30
2009	0.980138	0.633483	0	0	0	0	0	0	0	0	0	0	0	30
2010	0.823838	0.525963	0	0	0	0	0	0	0	0	0	0	0	30
2011	0.922947	0.760455	0	0	0	0	0	0	0	0	0	0	0	30
2012	0.796677	0.741679	0	0	0	0	0	0	0	0	0	0	0	30
2013	0.564575	0.499164	0	0	0	0	0	0	0	0	0	0	0	30
2014	0.955047	1.044974	0	0	0	0	0	0	0	0	0	0	0	30
2015	0.641366	0.5846		0	0	0	0	0	0	0	0	0	0	0	30
2016	0.880293	0.829365	0	0	0	0	0	0	0	0	0	0	0	30
2017	0.632193	0.561097	0	0	0	0	0	0	0	0	0	0	0	30
2018	0.445277	0.522851	0	0	0	0	0	0	0	0	0	0	0	30
2019	0.309202	0.409472	0	0	0	0	0	0	0	0	0	0	0	30
# Index-8 VAST MADMF Fall
1980	-999	-999	-999	-999	-999	-999	-999	-999	-999	-999	-999	-999	-999	0
1981	1.248376	2.306377	0	0	0	0	0	0	0	0	0	0	0	30
1982	0.85485		1.044241	0	0	0	0	0	0	0	0	0	0	0	30
1983	0.687318	0.487941	0	0	0	0	0	0	0	0	0	0	0	30
1984	0.656948	1.291882	0	0	0	0	0	0	0	0	0	0	0	30
1985	0.890176	0.753947	0	0	0	0	0	0	0	0	0	0	0	30
1986	0.906877	0.581808	0	0	0	0	0	0	0	0	0	0	0	30
1987	0.790668	0.647817	0	0	0	0	0	0	0	0	0	0	0	30
1988	1.291147	0.976832	0	0	0	0	0	0	0	0	0	0	0	30
1989	1.614406	1.267994	0	0	0	0	0	0	0	0	0	0	0	30
1990	1.371869	1.162966	0	0	0	0	0	0	0	0	0	0	0	30
1991	2.663834	3.161296	0	0	0	0	0	0	0	0	0	0	0	30
1992	0.99557		1.493309	0	0	0	0	0	0	0	0	0	0	0	30
1993	1.181864	0.910062	0	0	0	0	0	0	0	0	0	0	0	30
1994	1.224372	0.896434	0	0	0	0	0	0	0	0	0	0	0	30
1995	1.316591	1.334134	0	0	0	0	0	0	0	0	0	0	0	30
1996	0.891975	0.575474	0	0	0	0	0	0	0	0	0	0	0	30
1997	0.741817	0.726483	0	0	0	0	0	0	0	0	0	0	0	30
1998	0.87901		0.916169	0	0	0	0	0	0	0	0	0	0	0	30
1999	1.133941	0.764463	0	0	0	0	0	0	0	0	0	0	0	30
2000	1.120819	0.834185	0	0	0	0	0	0	0	0	0	0	0	30
2001	1.598404	1.392041	0	0	0	0	0	0	0	0	0	0	0	30
2002	1.051431	0.745894	0	0	0	0	0	0	0	0	0	0	0	30
2003	0.751734	1.079332	0	0	0	0	0	0	0	0	0	0	0	30
2004	0.87468		0.673456	0	0	0	0	0	0	0	0	0	0	0	30
2005	1.085783	0.79024		0	0	0	0	0	0	0	0	0	0	0	30
2006	0.942384	0.685649	0	0	0	0	0	0	0	0	0	0	0	30
2007	1.062805	0.797368	0	0	0	0	0	0	0	0	0	0	0	30
2008	1.072403	0.805439	0	0	0	0	0	0	0	0	0	0	0	30
2009	0.724269	0.7995		0	0	0	0	0	0	0	0	0	0	0	30
2010	0.658924	0.926774	0	0	0	0	0	0	0	0	0	0	0	30
2011	1.312462	0.831557	0	0	0	0	0	0	0	0	0	0	0	30
2012	0.841484	0.865414	0	0	0	0	0	0	0	0	0	0	0	30
2013	0.471284	0.850335	0	0	0	0	0	0	0	0	0	0	0	30
2014	0.819252	1.066174	0	0	0	0	0	0	0	0	0	0	0	30
2015	0.917519	1.096048	0	0	0	0	0	0	0	0	0	0	0	30
2016	1.034839	1.391857	0	0	0	0	0	0	0	0	0	0	0	30
2017	0.621334	0.676274	0	0	0	0	0	0	0	0	0	0	0	30
2018	0.272298	0.563985	0	0	0	0	0	0	0	0	0	0	0	30
2019	0.424283	0.828847	0	0	0	0	0	0	0	0	0	0	0	30
# Index-9 VAST MENH Spring
1980	-999	-999	-999	-999	-999	-999	-999	-999	-999	-999	-999	-999	-999	0
1981	-999	-999	-999	-999	-999	-999	-999	-999	-999	-999	-999	-999	-999	0
1982	-999	-999	-999	-999	-999	-999	-999	-999	-999	-999	-999	-999	-999	0
1983	-999	-999	-999	-999	-999	-999	-999	-999	-999	-999	-999	-999	-999	0
1984	-999	-999	-999	-999	-999	-999	-999	-999	-999	-999	-999	-999	-999	0
1985	-999	-999	-999	-999	-999	-999	-999	-999	-999	-999	-999	-999	-999	0
1986	-999	-999	-999	-999	-999	-999	-999	-999	-999	-999	-999	-999	-999	0
1987	-999	-999	-999	-999	-999	-999	-999	-999	-999	-999	-999	-999	-999	0
1988	-999	-999	-999	-999	-999	-999	-999	-999	-999	-999	-999	-999	-999	0
1989	-999	-999	-999	-999	-999	-999	-999	-999	-999	-999	-999	-999	-999	0
1990	-999	-999	-999	-999	-999	-999	-999	-999	-999	-999	-999	-999	-999	0
1991	-999	-999	-999	-999	-999	-999	-999	-999	-999	-999	-999	-999	-999	0
1992	-999	-999	-999	-999	-999	-999	-999	-999	-999	-999	-999	-999	-999	0
1993	-999	-999	-999	-999	-999	-999	-999	-999	-999	-999	-999	-999	-999	0
1994	-999	-999	-999	-999	-999	-999	-999	-999	-999	-999	-999	-999	-999	0
1995	-999	-999	-999	-999	-999	-999	-999	-999	-999	-999	-999	-999	-999	0
1996	-999	-999	-999	-999	-999	-999	-999	-999	-999	-999	-999	-999	-999	0
1997	-999	-999	-999	-999	-999	-999	-999	-999	-999	-999	-999	-999	-999	0
1998	-999	-999	-999	-999	-999	-999	-999	-999	-999	-999	-999	-999	-999	0
1999	-999	-999	-999	-999	-999	-999	-999	-999	-999	-999	-999	-999	-999	0
2000	1.223384	1.579235	0	0	0	0	0	0	0	0	0	0	0	30
2001	1.275947	1.724331	0	0	0	0	0	0	0	0	0	0	0	30
2002	1.012194	1.552743	0	0	0	0	0	0	0	0	0	0	0	30
2003	1.06674		1.480871	0	0	0	0	0	0	0	0	0	0	0	30
2004	0.856461	0.885575	0	0	0	0	0	0	0	0	0	0	0	30
2005	0.701249	0.601323	0	0	0	0	0	0	0	0	0	0	0	30
2006	0.68627		0.649802	0	0	0	0	0	0	0	0	0	0	0	30
2007	0.684737	0.693931	0	0	0	0	0	0	0	0	0	0	0	30
2008	0.802997	0.81327		0	0	0	0	0	0	0	0	0	0	0	30
2009	0.902161	0.83649		0	0	0	0	0	0	0	0	0	0	0	30
2010	0.980254	0.786827	0	0	0	0	0	0	0	0	0	0	0	30
2011	1.172387	0.989934	0	0	0	0	0	0	0	0	0	0	0	30
2012	0.997499	0.693486	0	0	0	0	0	0	0	0	0	0	0	30
2013	0.850128	0.724433	0	0	0	0	0	0	0	0	0	0	0	30
2014	0.862691	0.874967	0	0	0	0	0	0	0	0	0	0	0	30
2015	1.248387	1.019044	0	0	0	0	0	0	0	0	0	0	0	30
2016	1.619197	1.219892	0	0	0	0	0	0	0	0	0	0	0	30
2017	1.237792	1.199774	0	0	0	0	0	0	0	0	0	0	0	30
2018	0.900691	0.793266	0	0	0	0	0	0	0	0	0	0	0	30
2019	0.918835	0.880808	0	0	0	0	0	0	0	0	0	0	0	30
# Index-10 VAST MENH Fall 
1980	-999	-999	-999	-999	-999	-999	-999	-999	-999	-999	-999	-999	-999	0
1981	-999	-999	-999	-999	-999	-999	-999	-999	-999	-999	-999	-999	-999	0
1982	-999	-999	-999	-999	-999	-999	-999	-999	-999	-999	-999	-999	-999	0
1983	-999	-999	-999	-999	-999	-999	-999	-999	-999	-999	-999	-999	-999	0
1984	-999	-999	-999	-999	-999	-999	-999	-999	-999	-999	-999	-999	-999	0
1985	-999	-999	-999	-999	-999	-999	-999	-999	-999	-999	-999	-999	-999	0
1986	-999	-999	-999	-999	-999	-999	-999	-999	-999	-999	-999	-999	-999	0
1987	-999	-999	-999	-999	-999	-999	-999	-999	-999	-999	-999	-999	-999	0
1988	-999	-999	-999	-999	-999	-999	-999	-999	-999	-999	-999	-999	-999	0
1989	-999	-999	-999	-999	-999	-999	-999	-999	-999	-999	-999	-999	-999	0
1990	-999	-999	-999	-999	-999	-999	-999	-999	-999	-999	-999	-999	-999	0
1991	-999	-999	-999	-999	-999	-999	-999	-999	-999	-999	-999	-999	-999	0
1992	-999	-999	-999	-999	-999	-999	-999	-999	-999	-999	-999	-999	-999	0
1993	-999	-999	-999	-999	-999	-999	-999	-999	-999	-999	-999	-999	-999	0
1994	-999	-999	-999	-999	-999	-999	-999	-999	-999	-999	-999	-999	-999	0
1995	-999	-999	-999	-999	-999	-999	-999	-999	-999	-999	-999	-999	-999	0
1996	-999	-999	-999	-999	-999	-999	-999	-999	-999	-999	-999	-999	-999	0
1997	-999	-999	-999	-999	-999	-999	-999	-999	-999	-999	-999	-999	-999	0
1998	-999	-999	-999	-999	-999	-999	-999	-999	-999	-999	-999	-999	-999	0
1999	-999	-999	-999	-999	-999	-999	-999	-999	-999	-999	-999	-999	-999	0
2000	1.223384	1.579235	0	0	0	0	0	0	0	0	0	0	0	30
2001	1.275947	1.724331	0	0	0	0	0	0	0	0	0	0	0	30
2002	1.012194	1.552743	0	0	0	0	0	0	0	0	0	0	0	30
2003	1.06674		1.480871	0	0	0	0	0	0	0	0	0	0	0	30
2004	0.856461	0.885575	0	0	0	0	0	0	0	0	0	0	0	30
2005	0.701249	0.601323	0	0	0	0	0	0	0	0	0	0	0	30
2006	0.68627		0.649802	0	0	0	0	0	0	0	0	0	0	0	30
2007	0.684737	0.693931	0	0	0	0	0	0	0	0	0	0	0	30
2008	0.802997	0.81327		0	0	0	0	0	0	0	0	0	0	0	30
2009	0.902161	0.83649		0	0	0	0	0	0	0	0	0	0	0	30
2010	0.980254	0.786827	0	0	0	0	0	0	0	0	0	0	0	30
2011	1.172387	0.989934	0	0	0	0	0	0	0	0	0	0	0	30
2012	0.997499	0.693486	0	0	0	0	0	0	0	0	0	0	0	30
2013	0.850128	0.724433	0	0	0	0	0	0	0	0	0	0	0	30
2014	0.862691	0.874967	0	0	0	0	0	0	0	0	0	0	0	30
2015	1.248387	1.019044	0	0	0	0	0	0	0	0	0	0	0	30
2016	1.619197	1.219892	0	0	0	0	0	0	0	0	0	0	0	30
2017	1.237792	1.199774	0	0	0	0	0	0	0	0	0	0	0	30
2018	0.900691	0.793266	0	0	0	0	0	0	0	0	0	0	0	30
2019	0.918835	0.880808	0	0	0	0	0	0	0	0	0	0	0	30
# Index-11 VAST All Spring
1980	1.627629	1.596328	0	0	0	0	0	0	0	0	0	0	0	30
1981	2.430886	1.936056	0	0	0	0	0	0	0	0	0	0	0	30
1982	1.697809	1.63134		0	0	0	0	0	0	0	0	0	0	0	30
1983	1.526297	1.319045	0	0	0	0	0	0	0	0	0	0	0	30
1984	0.952024	0.982043	0	0	0	0	0	0	0	0	0	0	0	30
1985	1.089008	1.581545	0	0	0	0	0	0	0	0	0	0	0	30
1986	1.060442	1.437492	0	0	0	0	0	0	0	0	0	0	0	30
1987	0.756825	1.216506	0	0	0	0	0	0	0	0	0	0	0	30
1988	0.695974	0.948184	0	0	0	0	0	0	0	0	0	0	0	30
1989	0.808691	1.293144	0	0	0	0	0	0	0	0	0	0	0	30
1990	0.916017	1.549776	0	0	0	0	0	0	0	0	0	0	0	30
1991	1.061266	1.232062	0	0	0	0	0	0	0	0	0	0	0	30
1992	1.089457	1.228279	0	0	0	0	0	0	0	0	0	0	0	30
1993	0.944089	0.953172	0	0	0	0	0	0	0	0	0	0	0	30
1994	0.804722	0.973875	0	0	0	0	0	0	0	0	0	0	0	30
1995	1.125545	1.143648	0	0	0	0	0	0	0	0	0	0	0	30
1996	0.990038	1.070003	0	0	0	0	0	0	0	0	0	0	0	30
1997	1.144621	1.118233	0	0	0	0	0	0	0	0	0	0	0	30
1998	1.026837	1.129838	0	0	0	0	0	0	0	0	0	0	0	30
1999	1.051903	1.021364	0	0	0	0	0	0	0	0	0	0	0	30
2000	1.195404	1.099998	0	0	0	0	0	0	0	0	0	0	0	30
2001	0.960971	0.997524	0	0	0	0	0	0	0	0	0	0	0	30
2002	1.060254	0.950209	0	0	0	0	0	0	0	0	0	0	0	30
2003	0.916134	0.932417	0	0	0	0	0	0	0	0	0	0	0	30
2004	0.745886	0.71006		0	0	0	0	0	0	0	0	0	0	0	30
2005	0.551856	0.607379	0	0	0	0	0	0	0	0	0	0	0	30
2006	0.65569		0.627341	0	0	0	0	0	0	0	0	0	0	0	30
2007	0.713987	0.720675	0	0	0	0	0	0	0	0	0	0	0	30
2008	0.732575	0.9937		0	0	0	0	0	0	0	0	0	0	0	30
2009	0.558455	0.379837	0	0	0	0	0	0	0	0	0	0	0	30
2010	0.569205	0.430607	0	0	0	0	0	0	0	0	0	0	0	30
2011	0.559071	0.419747	0	0	0	0	0	0	0	0	0	0	0	30
2012	0.531487	0.43648		0	0	0	0	0	0	0	0	0	0	0	30
2013	0.38351		0.326841	0	0	0	0	0	0	0	0	0	0	0	30
2014	0.419129	0.312861	0	0	0	0	0	0	0	0	0	0	0	30
2015	0.44571		0.349507	0	0	0	0	0	0	0	0	0	0	0	30
2016	0.514957	0.396574	0	0	0	0	0	0	0	0	0	0	0	30
2017	0.576292	0.477325	0	0	0	0	0	0	0	0	0	0	0	30
2018	0.433346	0.537888	0	0	0	0	0	0	0	0	0	0	0	30
2019	0.381652	0.321897	0	0	0	0	0	0	0	0	0	0	0	30
# Index-12 VAST All Fall
1980	1.360041	1.152956	0	0	0	0	0	0	0	0	0	0	0	30
1981	1.434715	1.263871	0	0	0	0	0	0	0	0	0	0	0	30
1982	0.956028	1.254655	0	0	0	0	0	0	0	0	0	0	0	30
1983	1.084908	1.118726	0	0	0	0	0	0	0	0	0	0	0	30
1984	0.911677	1.01121		0	0	0	0	0	0	0	0	0	0	0	30
1985	1.037637	1.231843	0	0	0	0	0	0	0	0	0	0	0	30
1986	0.818559	1.022694	0	0	0	0	0	0	0	0	0	0	0	30
1987	0.798126	0.910934	0	0	0	0	0	0	0	0	0	0	0	30
1988	0.787716	0.803557	0	0	0	0	0	0	0	0	0	0	0	30
1989	0.850703	0.899106	0	0	0	0	0	0	0	0	0	0	0	30
1990	1.211198	1.3761		0	0	0	0	0	0	0	0	0	0	0	30
1991	1.140852	1.291511	0	0	0	0	0	0	0	0	0	0	0	30
1992	0.835903	1.127863	0	0	0	0	0	0	0	0	0	0	0	30
1993	1.125922	1.35956		0	0	0	0	0	0	0	0	0	0	0	30
1994	0.898417	0.906402	0	0	0	0	0	0	0	0	0	0	0	30
1995	0.943244	0.929949	0	0	0	0	0	0	0	0	0	0	0	30
1996	0.964501	0.898006	0	0	0	0	0	0	0	0	0	0	0	30
1997	0.895603	1.061348	0	0	0	0	0	0	0	0	0	0	0	30
1998	1.008673	1.10914		0	0	0	0	0	0	0	0	0	0	0	30
1999	0.971072	0.912435	0	0	0	0	0	0	0	0	0	0	0	30
2000	1.019415	1.318181	0	0	0	0	0	0	0	0	0	0	0	30
2001	1.063516	1.160033	0	0	0	0	0	0	0	0	0	0	0	30
2002	0.877401	1.209141	0	0	0	0	0	0	0	0	0	0	0	30
2003	0.984277	1.193405	0	0	0	0	0	0	0	0	0	0	0	30
2004	0.732917	0.778956	0	0	0	0	0	0	0	0	0	0	0	30
2005	0.688384	0.679094	0	0	0	0	0	0	0	0	0	0	0	30
2006	0.70347		0.709435	0	0	0	0	0	0	0	0	0	0	0	30
2007	0.683802	0.646665	0	0	0	0	0	0	0	0	0	0	0	30
2008	0.762378	0.664817	0	0	0	0	0	0	0	0	0	0	0	30
2009	0.892267	0.786055	0	0	0	0	0	0	0	0	0	0	0	30
2010	0.826834	0.712099	0	0	0	0	0	0	0	0	0	0	0	30
2011	0.966596	0.815605	0	0	0	0	0	0	0	0	0	0	0	30
2012	0.793651	0.64102		0	0	0	0	0	0	0	0	0	0	0	30
2013	0.691119	0.581194	0	0	0	0	0	0	0	0	0	0	0	30
2014	0.776888	0.739657	0	0	0	0	0	0	0	0	0	0	0	30
2015	1.098362	0.858995	0	0	0	0	0	0	0	0	0	0	0	30
2016	1.164095	0.92001		0	0	0	0	0	0	0	0	0	0	0	30
2017	0.821694	0.918961	0	0	0	0	0	0	0	0	0	0	0	30
2018	0.578201	0.696868	0	0	0	0	0	0	0	0	0	0	0	30
2019	0.633516	0.640899	0	0	0	0	0	0	0	0	0	0	0	30
# Phase Control
# Phase for F mult in 1st Year
1
# Phase for F mult Deviations
3
# Phase for Recruitment Deviations
3
# Phase for N in 1st Year
2
# Phase for Catchability in 1st Year
1
# Phase for Catchability Deviations
-5
# Phase for Stock Recruitment Relationship
1
# Phase for Steepness
1
# Recruitment CV by Year
0.5
0.5
0.5
0.5
0.5
0.5
0.5
0.5
0.5
0.5
0.5
0.5
0.5
0.5
0.5
0.5
0.5
0.5
0.5
0.5
0.5
0.5
0.5
0.5
0.5
0.5
0.5
0.5
0.5
0.5
0.5
0.5
0.5
0.5
0.5
0.5
0.5
0.5
0.5
0.5
# Lambdas by Index
1  1  1  1  1  1  1  1  1  1  1  1  
# Lambda for Total Catch in Weight by Fleet
1  
# Lambda for Total Discards at Age by Fleet
0  
# Catch Total CV by Year and Fleet
0.1          
0.1          
0.1          
0.1          
0.1          
0.1          
0.1          
0.1          
0.1          
0.1          
0.1          
0.1          
0.1          
0.1          
0.1          
0.1          
0.1          
0.1          
0.1          
0.1          
0.1          
0.1          
0.1          
0.1          
0.1          
0.1          
0.1          
0.1          
0.1          
0.1          
0.1          
0.1          
0.1          
0.1          
0.1          
0.1          
0.1          
0.1          
0.1     
0.1     
# Discard Total CV by Year and Fleet
0.1          
0.1          
0.1          
0.1          
0.1          
0.1          
0.1          
0.1          
0.1          
0.1          
0.1          
0.1          
0.1          
0.1          
0.1          
0.1          
0.1          
0.1          
0.1          
0.1          
0.1          
0.1          
0.1          
0.1          
0.1          
0.1          
0.1          
0.1          
0.1          
0.1          
0.1          
0.1          
0.1          
0.1          
0.1          
0.1          
0.1          
0.1          
0.1          
0.1
# Catch Effective Sample Size by Year and Fleet
30
30
30
30
30
30
30
30
30
30
30
30
30
30
30
30
30
30
30
30
30
30
30
30
30
30
30
30
30
30
30
30
30
30
30
30
30
30
30
30     
# Discard Effective Sample Size by Year and Fleet
0            
0            
0            
0            
0            
0            
0            
0            
0            
0            
0            
0            
0            
0            
0            
0            
0            
0            
0            
0            
0            
0            
0            
0            
0            
0            
0            
0            
0            
0            
0            
0            
0            
0            
0            
0            
0            
0            
0    
0        
# Lambda for F Mult in First year by Fleet
0  
# CV for F Mult in First year by Fleet
0.1  
# Lambda for F Mult Deviations by Fleet
0  
# CV for F Mult Deviations by Fleet
0.1  
# Lambda for N in 1st Year Deviations
1
# CV for N in 1st Year Deviations
0.1
# Lambda for Recruitment Deviations
1
# Lambda for Catchability in First year by Index
0  0  0  0  0  0  0  0  0  0  0  0   
# CV for Catchability in First year by Index
0.001  0.001  0.001  0.001  0.001  0.001  0.001  0.001  0.001  0.001  0.001  0.001 
# Lambda for Catchability Deviations by Index
0  0  0  0  0  0  0  0  0  0  0  0  
# CV for Catchability Deviations by Index
0.001  0.001  0.001  0.001  0.001  0.001  0.001  0.001  0.001  0.001  0.001  0.001 
# Lambda for Deviation from Initial Steepness
0
# CV for Deviation from Initial Steepness
0.1
# Lambda for Deviation from Unexploited Stock Size
0
# CV for Deviation from Unexploited Stock Size
0.1
# NAA Deviations Flag
1
# Initial Numbers at Age in 1st Year
10000  10000  10000  10000  10000  10000  10000  10000  10000  10000  10000  
# Initial F Mult in 1st Year by Fleet
0.2  
# Initial Catchabilty by Index
0.001  0.001  0.001  0.001  0.001  0.001  0.001  0.001  0.001  0.001  0.001  0.001
# Stock Recruitment Flag
0
# Initial Unexploited Stock
10000
# Initial Steepness
0.7
# Maximum F
5.0
# Ignore Guesses (Yes=1)
0
# Projection Control
# Do Projections (Yes=1)
0
# Fleet Directed Flag
1  
# Final Year in Projection
2019
# Projection Data by Year
2020     -1         3     -99        1          
# Do MCMC (Yes=1)
0
# MCMC Year Option
1
# MCMC Iterations
1000
# MCMC Thinning Factor
200
# MCMC Random Seed
12345678
# Agepro R Option
0
# Agepro R Option Start Year
2014
# Agepro R Option End Year
2018
# Export R Flag
0
# Test Value
-23456
######
###### FINIS ######
# Fleet Names
#$FLEET-1
# Survey Names
#$Index-1 NEFSC Spring
#$Index-2 NEFSC Fall
#$Index-3 MADMF Spring
#$Index-4 MADMF Fall
#$Index-5 VAST NEFSC Spring
#$Index-6 VAST NEFSC Fall
#$Index-7 VAST MADMF Spring
#$Index-8 VAST MADMF Fall
#$Index-9 VAST MENH Spring
#$Index-10 VAST MENH Fall 
#$Index-11 VAST All Spring
#$Index-12 VAST All Fall
