# ASAP VERSION 3.0
# American Plaice Gulf of Maine-Georges Bank TY 2019 data for WHAM file
#
# ASAP GUI 15 AUG 2012
#
# Number of Years
40
# First Year
1980
# Number of Ages
11
# Number of Fleets
1
# Number of Sensitivity Blocks
1
# Number of Available Survey Indices
12
# Natural Mortality
0.3	0.3	0.3	0.3	0.3	0.3	0.3	0.3	0.3	0.3	0.3
0.3	0.3	0.3	0.3	0.3	0.3	0.3	0.3	0.3	0.3	0.3
0.3	0.3	0.3	0.3	0.3	0.3	0.3	0.3	0.3	0.3	0.3
0.3	0.3	0.3	0.3	0.3	0.3	0.3	0.3	0.3	0.3	0.3
0.3	0.3	0.3	0.3	0.3	0.3	0.3	0.3	0.3	0.3	0.3
0.3	0.3	0.3	0.3	0.3	0.3	0.3	0.3	0.3	0.3	0.3
0.3	0.3	0.3	0.3	0.3	0.3	0.3	0.3	0.3	0.3	0.3
0.3	0.3	0.3	0.3	0.3	0.3	0.3	0.3	0.3	0.3	0.3
0.3	0.3	0.3	0.3	0.3	0.3	0.3	0.3	0.3	0.3	0.3
0.3	0.3	0.3	0.3	0.3	0.3	0.3	0.3	0.3	0.3	0.3
0.3	0.3	0.3	0.3	0.3	0.3	0.3	0.3	0.3	0.3	0.3
0.3	0.3	0.3	0.3	0.3	0.3	0.3	0.3	0.3	0.3	0.3
0.3	0.3	0.3	0.3	0.3	0.3	0.3	0.3	0.3	0.3	0.3
0.3	0.3	0.3	0.3	0.3	0.3	0.3	0.3	0.3	0.3	0.3
0.3	0.3	0.3	0.3	0.3	0.3	0.3	0.3	0.3	0.3	0.3
0.3	0.3	0.3	0.3	0.3	0.3	0.3	0.3	0.3	0.3	0.3
0.3	0.3	0.3	0.3	0.3	0.3	0.3	0.3	0.3	0.3	0.3
0.3	0.3	0.3	0.3	0.3	0.3	0.3	0.3	0.3	0.3	0.3
0.3	0.3	0.3	0.3	0.3	0.3	0.3	0.3	0.3	0.3	0.3
0.3	0.3	0.3	0.3	0.3	0.3	0.3	0.3	0.3	0.3	0.3
0.3	0.3	0.3	0.3	0.3	0.3	0.3	0.3	0.3	0.3	0.3
0.3	0.3	0.3	0.3	0.3	0.3	0.3	0.3	0.3	0.3	0.3
0.3	0.3	0.3	0.3	0.3	0.3	0.3	0.3	0.3	0.3	0.3
0.3	0.3	0.3	0.3	0.3	0.3	0.3	0.3	0.3	0.3	0.3
0.3	0.3	0.3	0.3	0.3	0.3	0.3	0.3	0.3	0.3	0.3
0.3	0.3	0.3	0.3	0.3	0.3	0.3	0.3	0.3	0.3	0.3
0.3	0.3	0.3	0.3	0.3	0.3	0.3	0.3	0.3	0.3	0.3
0.3	0.3	0.3	0.3	0.3	0.3	0.3	0.3	0.3	0.3	0.3
0.3	0.3	0.3	0.3	0.3	0.3	0.3	0.3	0.3	0.3	0.3
0.3	0.3	0.3	0.3	0.3	0.3	0.3	0.3	0.3	0.3	0.3
0.3	0.3	0.3	0.3	0.3	0.3	0.3	0.3	0.3	0.3	0.3
0.3	0.3	0.3	0.3	0.3	0.3	0.3	0.3	0.3	0.3	0.3
0.3	0.3	0.3	0.3	0.3	0.3	0.3	0.3	0.3	0.3	0.3
0.3	0.3	0.3	0.3	0.3	0.3	0.3	0.3	0.3	0.3	0.3
0.3	0.3	0.3	0.3	0.3	0.3	0.3	0.3	0.3	0.3	0.3
0.3	0.3	0.3	0.3	0.3	0.3	0.3	0.3	0.3	0.3	0.3
0.3	0.3	0.3	0.3	0.3	0.3	0.3	0.3	0.3	0.3	0.3
0.3	0.3	0.3	0.3	0.3	0.3	0.3	0.3	0.3	0.3	0.3
0.3	0.3	0.3	0.3	0.3	0.3	0.3	0.3	0.3	0.3	0.3
0.3	0.3	0.3	0.3	0.3	0.3	0.3	0.3	0.3	0.3	0.3     
# Fecundity Option
0
# Fraction of year that elapses prior to SSB calculation (0=Jan-1)
0.2500
# Maturity 
0	0.14	0.44	0.75	0.89	0.96	0.98	0.99	0.99	1	1
0	0.14	0.44	0.75	0.89	0.96	0.98	0.99	0.99	1	1
0	0.14	0.44	0.75	0.89	0.96	0.98	0.99	0.99	1	1
0	0.14	0.44	0.75	0.89	0.96	0.98	0.99	0.99	1	1
0	0.14	0.44	0.75	0.89	0.96	0.98	0.99	0.99	1	1
0	0.14	0.44	0.75	0.89	0.96	0.98	0.99	0.99	1	1
0	0.14	0.44	0.75	0.89	0.96	0.98	0.99	0.99	1	1
0	0.14	0.44	0.75	0.89	0.96	0.98	0.99	0.99	1	1
0	0.14	0.44	0.75	0.89	0.96	0.98	0.99	0.99	1	1
0	0.14	0.44	0.75	0.89	0.96	0.98	0.99	0.99	1	1
0	0.14	0.44	0.75	0.89	0.96	0.98	0.99	0.99	1	1
0	0.14	0.44	0.75	0.89	0.96	0.98	0.99	0.99	1	1
0	0.14	0.44	0.75	0.89	0.96	0.98	0.99	0.99	1	1
0	0.14	0.44	0.75	0.89	0.96	0.98	0.99	0.99	1	1
0	0.14	0.44	0.75	0.89	0.96	0.98	0.99	0.99	1	1
0	0.14	0.44	0.75	0.89	0.96	0.98	0.99	0.99	1	1
0	0.14	0.44	0.75	0.89	0.96	0.98	0.99	0.99	1	1
0	0.14	0.44	0.75	0.89	0.96	0.98	0.99	0.99	1	1
0	0.14	0.44	0.75	0.89	0.96	0.98	0.99	0.99	1	1
0	0.14	0.44	0.75	0.89	0.96	0.98	0.99	0.99	1	1
0	0.14	0.44	0.75	0.89	0.96	0.98	0.99	0.99	1	1
0	0.14	0.44	0.75	0.89	0.96	0.98	0.99	0.99	1	1
0	0.14	0.44	0.75	0.89	0.96	0.98	0.99	0.99	1	1
0	0.14	0.44	0.75	0.89	0.96	0.98	0.99	0.99	1	1
0	0.14	0.44	0.75	0.89	0.96	0.98	0.99	0.99	1	1
0	0.14	0.44	0.75	0.89	0.96	0.98	0.99	0.99	1	1
0	0.14	0.44	0.75	0.89	0.96	0.98	0.99	0.99	1	1
0	0.14	0.44	0.75	0.89	0.96	0.98	0.99	0.99	1	1
0	0.14	0.44	0.75	0.89	0.96	0.98	0.99	0.99	1	1
0	0.14	0.44	0.75	0.89	0.96	0.98	0.99	0.99	1	1
0	0.14	0.44	0.75	0.89	0.96	0.98	0.99	0.99	1	1
0	0.14	0.44	0.75	0.89	0.96	0.98	0.99	0.99	1	1
0	0.14	0.44	0.75	0.89	0.96	0.98	0.99	0.99	1	1
0	0.14	0.44	0.75	0.89	0.96	0.98	0.99	0.99	1	1
0	0.14	0.44	0.75	0.89	0.96	0.98	0.99	0.99	1	1
0	0.14	0.44	0.75	0.89	0.96	0.98	0.99	0.99	1	1
0	0.14	0.44	0.75	0.89	0.96	0.98	0.99	0.99	1	1
0	0.14	0.44	0.75	0.89	0.96	0.98	0.99	0.99	1	1
0	0.14	0.44	0.75	0.89	0.96	0.98	0.99	0.99	1	1
0	0.14	0.44	0.75	0.89	0.96	0.98	0.99	0.99	1	1   
# Number of Weights at Age Matrices - needs updating
4
# Weight Matrix - 1 Fleet
0.03	    0.07600091	0.15423147	0.2673921	0.4088735	0.653354	0.8286478	1.039		1.183		1.374		1.8952851
0.031519796	0.10783865	0.16846382	0.3163214	0.4416828	0.7780935	0.8850392	0.9780059	1.13		1.254		1.5508652
0.017980173	0.11506849	0.22971705	0.2895464	0.4179663	0.5639889	0.9600789	1.138		1.196		1.552		1.9014217
0.01343096	0.03333792	0.18485195	0.3777672	0.5303422	0.6695086	0.8231154	1.0421757	1.238079	1.446		1.6796928
0.004108481	0.04535597	0.16093066	0.3032234	0.5241436	0.6304332	0.8879945	1.187043	1.133		1.369		1.9578741
0.01751958	0.05829568	0.08363709	0.2092287	0.3311744	0.5336717	0.8473141	1.167437	1.3770211	1.6652103	2.1278971
0.015923748	0.04208578	0.13837711	0.2290347	0.3839773	0.5869153	0.8420754	1.1737049	1.4914031	1.7467744	2.1944314
0.012774814	0.04576964	0.13068344	0.2343653	0.4093333	0.6094935	0.8923836	1.1729281	1.4833791	1.7319575	2.2838252
0.01589927	0.04585984	0.15901832	0.2842396	0.4485859	0.6414229	0.8800141	1.2313906	1.3964692	1.7166913	2.2383577
0.012	    0.047		0.15346703	0.2817157	0.4158867	0.5344402	0.7318309	0.8556635	1.3133198	1.4630608	1.94013
0.017	    0.048		0.14112713	0.2767028	0.4388665	0.6130343	0.8068055	0.9673918	1.0885565	1.3048086	1.6959056
0.022	    0.049		0.15736953	0.3282281	0.4937006	0.7012343	0.9597459	1.1599668	1.2772084	1.5426717	1.8112863
0.019	    0.045		0.13042474	0.3137082	0.5052141	0.7265981	0.9389768	1.191831	1.3182812	1.6400598	2.0049417
0.017	    0.038		0.24334151	0.3634009	0.4841657	0.6339941	0.9552292	1.2289488	1.4081309	1.5758588	2.3122617
0.021	    0.037		0.219781	0.3803425	0.4908784	0.5893257	0.7658839	1.0856428	1.2732876	1.3930715	1.8653857
0.015	    0.036		0.17779221	0.3165445	0.493564	0.6398185	0.7196018	1.0248893	1.2790141	1.6428909	1.7438352
0.019	    0.031		0.12102878	0.3254759	0.4723756	0.6246481	0.8315093	1.1116595	1.3144575	1.5607178	1.9325798
0.014	    0.029		0.15780788	0.3537317	0.4348714	0.6147696	0.790031	1.0839834	1.2686415	1.3892376	1.7852121
0.04	    0.067		0.16696635	0.2773299	0.367682	0.5095651	0.7707585	1.0186507	1.3440936	1.4183202	2.1518595
0.035	    0.1	    	0.20043135	0.3211233	0.4406826	0.546667	0.7038879	0.9062228	1.1525902	1.3967982	1.5069667
0.004	    0.109		0.27896313	0.3433543	0.4637757	0.5508255	0.7209272	0.943577	1.0910137	1.3076212	1.8085678
0.011	    0.026		0.16250151	0.3091957	0.4258672	0.5233401	0.6838977	0.8149093	1.0329041	1.3862415	1.5564809
0.021	    0.074		0.145977	0.307082	0.4221763	0.510806	0.6621302	0.8685358	1.0307303	1.2232832	1.4126226
0.019	    0.028		0.16		0.2932133	0.3864788	0.5236824	0.6655503	0.8282643	0.964723	1.0566743	1.2380338
0.012	    0.025		0.09989219	0.3043421	0.3984269	0.510193	0.6602328	0.773405	0.9438168	1.0351205	1.1915361
0.009	    0.023		0.11363836	0.3090173	0.4104946	0.5228701	0.6640757	0.8343285	0.9341794	1.0785587	1.3040943
0.015	    0.04		0.12553208	0.2821765	0.3946554	0.508843	0.5978107	0.7820936	0.9073242	0.9576063	1.2912539
0.006	    0.034		0.18340546	0.3257282	0.4217099	0.5167753	0.6389894	0.8159804	0.9446013	1.1044836	1.3891861
0.009	    0.044		0.19857275	0.3119885	0.4220534	0.474237	0.5796763	0.6182579	0.7168657	0.807423	1.0461645
0.012	    0.063		0.207		0.2894816	0.3900699	0.4896754	0.5328242	0.5743733	0.675803	0.7970852	0.9397342
0.029	    0.045		0.134		0.2985121	0.3748595	0.4657809	0.5431316	0.6042416	0.5966524	0.5670946	0.8366838
0.015	    0.022		0.049		0.2407035	0.3935099	0.490312	0.5283574	0.5723733	0.6075697	0.7338274	0.7778735
0.017	    0.033		0.08368139	0.2539436	0.3511175	0.4587178	0.5230563	0.5511185	0.6100627	0.6451671	0.7859455
0.044	    0.098		0.19978476	0.3463609	0.4455847	0.4693454	0.5602808	0.5853065	0.6027327	0.6111929	0.7753673
0.039	    0.128		0.26819918	0.3876033	0.4763001	0.536662	0.5603394	0.6505282	0.673316	0.7567089	0.7927093
0.027		0.133		0.29007038	0.4274045	0.5020402	0.5694117	0.619637	0.6373441	0.7886659	0.7254078	0.8181281
0.036		0.131		0.25244938	0.416656	0.522348	0.6214002	0.6875356	0.7249829	0.7522254	0.862148	0.8856612
0.019		0.097		0.22386174	0.3792999	0.5099604	0.6152966	0.6880189	0.771987	0.8401235	0.8519727	1.0272033
0.043123397	0.10441223	0.20521922	0.4143897	0.5428825	0.644162	0.6274048	0.7616831	0.7204904	0.7528641	0.9070538
0.044134281	0.11473552	0.21443504	0.3413344	0.5018748	0.5589899	0.6475763	0.732479	0.7655697	0.7377997	0.9437189
# Weight Matrix - 2 Jan1
0.0158	0.0511	0.1075	0.2075	0.2965	0.5609	0.7632	0.9963	1.149	1.2749	1.895
0.0169	0.0569	0.113	0.2206	0.3435	0.5641	0.7602	0.9004	1.0835	1.218	1.551
0.0133	0.0607	0.1576	0.2207	0.3634	0.4993	0.8642	1.0036	1.0815	1.3243	1.901
0.007	0.0244	0.1459	0.2949	0.392	0.5292	0.6813	1.0002	1.1869	1.3151	1.68
0.0011	0.0242	0.0729	0.2368	0.4451	0.5778	0.7713	0.9884	1.0865	1.3019	1.958
0.0118	0.0152	0.0615	0.1834	0.3167	0.529	0.7305	1.018	1.2785	1.3735	2.128
0.0094	0.0275	0.0895	0.1387	0.2833	0.4408	0.6705	0.9972	1.3191	1.551	2.194
0.0069	0.0271	0.0742	0.1797	0.306	0.4836	0.7236	0.9938	1.3195	1.607	2.284
0.0093	0.0245	0.0855	0.1929	0.3241	0.512	0.7114	1.0479	1.2797	1.5957	2.238
0.006	0.0274	0.0839	0.2117	0.3437	0.4897	0.685	0.8434	1.2709	1.4291	1.94
0.01	0.024	0.0814	0.2059	0.3518	0.505	0.6565	0.8413	0.9655	1.4182	1.696
0.0154	0.0289	0.0868	0.2151	0.3699	0.5547	0.7671	0.9675	1.1112	1.2963	1.811
0.0134	0.0315	0.0798	0.222	0.407	0.5993	0.8113	1.0697	1.2365	1.4472	2.005
0.0115	0.0269	0.1046	0.2172	0.3898	0.5658	0.8332	1.0743	1.2501	1.4412	2.312
0.016	0.0251	0.0914	0.3039	0.4222	0.5339	0.6969	1.0184	1.2508	1.3514	1.865
0.0104	0.0275	0.0812	0.2641	0.4333	0.5606	0.6512	0.8861	1.1786	1.4462	1.744
0.0154	0.0216	0.066	0.2405	0.3868	0.5557	0.7297	0.8948	1.1605	1.413	1.933
0.0064	0.0235	0.07	0.207	0.376	0.5388	0.7027	0.9497	1.1879	1.351	1.785
0.0253	0.0306	0.0696	0.2092	0.3609	0.471	0.6886	0.8972	1.207	1.3414	2.152
0.0198	0.0632	0.1158	0.2315	0.3495	0.4487	0.5992	0.8358	1.0839	1.3702	1.507
0.0016	0.0618	0.167	0.2619	0.3859	0.4929	0.628	0.8152	0.9942	1.2281	1.809
0.0042	0.0102	0.1333	0.2936	0.3823	0.4926	0.6139	0.7666	0.9875	1.2297	1.556
0.0182	0.0285	0.0616	0.2237	0.3611	0.4666	0.5884	0.771	0.9167	1.124	1.413
0.0166	0.0242	0.1088	0.2068	0.3442	0.4702	0.5834	0.7404	0.9157	1.0439	1.238
0.0087	0.0218	0.0529	0.2205	0.3415	0.4437	0.5881	0.7175	0.8841	0.9994	1.192
0.0043	0.0166	0.0534	0.1758	0.353	0.4562	0.5819	0.7419	0.8497	1.0092	1.304
0.01	0.019	0.0538	0.1793	0.3494	0.4568	0.5592	0.7206	0.8697	0.9459	1.291
0.0022	0.0226	0.0856	0.2027	0.345	0.4519	0.554	0.6584	0.8085	0.9278	1.389
0.0034	0.0162	0.0823	0.2389	0.3709	0.4472	0.5476	0.6105	0.7462	0.8415	1.046
0.0062	0.0238	0.0954	0.2398	0.3488	0.4547	0.5026	0.6078	0.6463	0.7824	0.94
0.0136	0.0232	0.0919	0.2488	0.3292	0.4263	0.5158	0.5674	0.639	0.6928	0.837
0.0101	0.0188	0.047	0.1797	0.3432	0.4287	0.496	0.5573	0.606	0.6859	0.778
0.0071	0.0222	0.043	0.1116	0.2908	0.4253	0.5062	0.5394	0.5907	0.6262	0.786
0.0258	0.0408	0.0812	0.1705	0.3366	0.4057	0.507	0.5531	0.5764	0.6105	0.775
0.0211	0.075	0.1621	0.2786	0.4058	0.4894	0.5125	0.6038	0.6275	0.6756	0.793
0.0123	0.072	0.1927	0.3383	0.4413	0.5204	0.577	0.5973	0.7167	0.6985	0.818
0.0219	0.0595	0.1831	0.3477	0.4721	0.5583	0.6257	0.6704	0.6921	0.8247	0.886
0.0081	0.0591	0.1713	0.309	0.4612	0.5666	0.6536	0.7288	0.7486	0.8004	1.027
0.0263	0.0445	0.141	0.3045	0.4536	0.5731	0.621	0.7241	0.7735	0.777	0.907
0.0275	0.0703	0.1492	0.2644	0.4559	0.5509	0.646	0.6775	0.764	0.778	0.944
# Weight Matrix - 3 NEFSC Spring WAA
-999	-999	-999	-999	-999	-999	-999	-999	-999	-999	-999
-999	-999	-999	-999	-999	-999	-999	-999	-999	-999	-999
-999	-999	-999	-999	-999	-999	-999	-999	-999	-999	-999
-999	-999	-999	-999	-999	-999	-999	-999	-999	-999	-999
-999	-999	-999	-999	-999	-999	-999	-999	-999	-999	-999
-999	-999	-999	-999	-999	-999	-999	-999	-999	-999	-999
-999	-999	-999	-999	-999	-999	-999	-999	-999	-999	-999
-999	-999	-999	-999	-999	-999	-999	-999	-999	-999	-999
-999	-999	-999	-999	-999	-999	-999	-999	-999	-999	-999
-999	-999	-999	-999	-999	-999	-999	-999	-999	-999	-999
-999	-999	-999	-999	-999	-999	-999	-999	-999	-999	-999
-999	-999	-999	-999	-999	-999	-999	-999	-999	-999	-999
-999		0.041428571	0.090554455	0.228573171	0.43831068	0.756568182	1.142909091	1.491		2.186666667	1.772		1.398
0.003888889	0.040342466	0.130377778	0.221384615	0.340546875	0.597581818	0.935611111	1.208125	1.56		1.49		1.569
0.003666667	0.039666667	0.12009901	0.223818182	0.357171053	0.502423077	0.775461538	1.0508		0.685		-999		2.016666667
0.004666667	0.035455357	0.1079375	0.234648649	0.378420455	0.551075	0.736631579	0.638		1.382666667	1.61		2.10325
0.0045		0.030961538	0.09964		0.197754286	0.358271605	0.534868421	0.523833333	1.044		1.18		-999		-999
0.0035		0.037245283	0.102421687	0.197102362	0.350539474	0.538342105	0.66725		0.595		-999		1.73		1.87
0.0052		0.031970588	0.087634409	0.166153061	0.273562963	0.461653846	0.619615385	0.940888889	0.597		1.112		1.57
0.003642857	0.034152174	0.0711875	0.181070707	0.30909589	0.434		0.532738095	0.915533333	1.0095		1.13		-999
0.009		0.042068182	0.114716981	0.2075		0.382221053	0.4905		0.638391304	0.898		1.174		1.467		1.5025
0.005		0.032		0.08962		0.193251534	0.324543478	0.481359375	0.604861111	0.6961875	0.804125	0.9415		0.311
0.004666667	0.03947619	0.094961039	0.18473822	0.324188406	0.42334		0.581702703	0.622208333	0.745333333	1.007857143	0.899
0.01125		0.031783784	0.090433333	0.147171053	0.265253968	0.388809524	0.539148148	0.371153846	0.80325		0.980833333	1.295541667
0.00403125	0.022425	0.058034783	0.134533333	0.239126761	0.33175641	0.437		0.485777778	0.745368421	0.434		1.4535
0.003235294	0.01874		0.057217949	0.148027027	0.231766667	0.36635		0.409555556	0.669		-999		1.189		-999
0.007440678	0.031772727	0.082764331	0.147598592	0.245705128	0.295342105	0.437382353	0.510764706	0.708		0.6905		1.355
0.0096		0.038965909	0.104578035	0.192447154	0.299822222	0.363310345	0.565285714	0.555571429	0.382		1.1352		1.102
0.003230769	0.0395	0	.078866667	0.164610811	0.273		0.373383333	0.44444		0.495444444	0.757714286	0.8885		1.143666667
0.006314286	0.035842105	0.091174419	0.151137931	0.238862222	0.348350365	0.420285714	0.41562963	0.513		0.763333333	0.785714286
0.003444444	0.046061728	0.093592593	0.200225225	0.252318436	0.33275		0.392152542	0.61316		0.633882353	0.688142857	0.669
0.007203704	0.031852459	0.051095745	0.114971154	0.168845361	0.303423913	0.329092784	0.383610169	0.513851852	0.5045625	0.59025
0.003916667	0.024714286	0.060942675	0.13389404	0.209694805	0.314804124	0.398154545	0.456054945	0.499477273	0.515833333	0.941583333
0.004591837	0.032364706	0.081364162	0.175236559	0.292375	0.312445455	0.395888889	0.54682		0.551441176	0.59247619	0.628788889
0.004647059	0.023071429	0.069426667	0.167		0.240653061	0.419596491	0.417833333	0.536888889	0.5214		0.5015		0.847960784
0.0046		0.045580247	0.129203252	0.257830508	0.350415254	0.465272727	0.536971429	0.63025		0.5874		0.765		0.857805556
0.010333333	0.052292929	0.162895238	0.290222222	0.371176923	0.483858974	0.661290323	0.685904762	0.6835625	0.697291667	0.905969697
0.003888889	0.032459459	0.087151515	0.254963158	0.359396552	0.472101266	0.485784314	0.5371875	0.68		0.818478261	0.863263889
0.008193548	0.037125	0.098714286	0.170653846	0.31407483	0.411805556	0.49425		0.571434783	0.569875	0.602363636	0.746216667
0.007125	0.049990909	0.088190476	0.212204918	0.266672131	0.395038168	0.435226415	0.530576923	0.5782		0.580571429	0.965094517
# Weight Matrix - 4 NEFSC Fall WAA
-999	-999	-999	-999	-999	-999	-999	-999	-999	-999	-999
-999	-999	-999	-999	-999	-999	-999	-999	-999	-999	-999
-999	-999	-999	-999	-999	-999	-999	-999	-999	-999	-999
-999	-999	-999	-999	-999	-999	-999	-999	-999	-999	-999
-999	-999	-999	-999	-999	-999	-999	-999	-999	-999	-999
-999	-999	-999	-999	-999	-999	-999	-999	-999	-999	-999
-999	-999	-999	-999	-999	-999	-999	-999	-999	-999	-999
-999	-999	-999	-999	-999	-999	-999	-999	-999	-999	-999
-999	-999	-999	-999	-999	-999	-999	-999	-999	-999	-999
-999	-999	-999	-999	-999	-999	-999	-999	-999	-999	-999
-999	-999	-999	-999	-999	-999	-999	-999	-999	-999	-999
-999	-999	-999	-999	-999	-999	-999	-999	-999	-999	-999
0.03705		0.08477273	0.15039167	0.31404673	0.55869014	0.9592381	1.29666667	0.932		1.89		1.77733333	1.9
0.02089109	0.0840229	0.20016667	0.3045814	0.47361404	0.67642		1.468		1.2855		1.708		1.7825		-999
0.02137662	0.07596454	0.18738462	0.2665875	0.43228169	0.59151724	0.672		1.10844444	1.132		1.764		1.43
0.01461905	0.08078295	0.19039645	0.35085088	0.51355102	0.66793333	0.86166667	1.659		1.024		-999		1.89
0.0265		0.05884483	0.15587603	0.301625	0.54012727	0.69629167	0.6966		0.86733333	1.64933333	-999		2.375
0.031925	0.09207368	0.17179825	0.31375		0.55679104	0.70195		0.642		1.116		1.372		-999		2.362
0.02523958	0.07676		0.1694		0.26595798	0.3492437	0.51459259	0.81033333	1.11975		1.59		1.83		1.99
0.02487786	0.08241844	0.17985517	0.31298734	0.45574194	0.52358209	0.89825		1.29366667	-999		-999		-999
0.02017647	0.07336607	0.18344882	0.30050602	0.49184507	0.48879487	0.83124138	1.02372727	0.90566667	1.30033333	-999
0.01735		0.06651429	0.14387903	0.2497963	0.40985294	0.63322222	0.633		0.85125		0.8683		0.998		1.281
0.01990323	0.05608163	0.11468421	0.20514074	0.34980247	0.4617931	0.55004348	0.6915		0.853		1.30916667	0.47
0.0314		0.06952		0.13251786	0.23602381	0.336925	0.548		0.627		0.709875	0.97033333	1.10675		1.306
0.01526415	0.04354386	0.0954		0.17192754	0.28422414	0.39893939	0.58361538	0.61483333	1.112		-999		1.04
0.01497368	0.05284091	0.10881538	0.1882		0.2715614	0.389375	0.59436364	0.6992		0.83675		0.86766667	1.36
0.01675		0.04815068	0.11146452	0.17765185	0.26262195	0.36815385	0.35616129	0.51569231	0.6105		0.38533333	1.136
0.02084		0.05101399	0.11547222	0.2130438	0.33435821	0.37061111	0.38483333	0.74525		0.931		-999		-999
0.0170875	0.06594118	0.12931902	0.21266935	0.29235135	0.36029412	0.41651852	0.60233333	0.2935		0.514		0.640666667
0.01661702	0.07199057	0.14934821	0.20677857	0.31934815	0.45409091	0.525		0.53666667	0.5475		0.639		-999
0.0345		0.07263393	0.12093684	0.19894118	0.27364957	0.35479747	0.4215		0.59381818	0.47683333	0.35825		0.5485
0.01864706	0.05875		0.13330588	0.17724786	0.33313235	0.3472		0.40896154	0.44262162	0.60270588	0.463		0.609238095
0.02096269	0.08343558	0.14659783	0.21970588	0.27630952	0.36165306	0.5206		0.53620588	0.59647059	0.696		1.26375
0.03736923	0.09418243	0.17313761	0.30444776	0.41802439	0.40056522	0.53813636	0.9245		0.60865385	0.9402		1.475
0.02699623	0.09572152	0.19553896	0.29096809	0.50258824	0.42104167	0.47861404	0.78486667	0.52895238	0.83126667	0.608861111
0.02745333	0.10241801	0.24657143	0.3634589	0.45157658	0.49053659	0.59408333	0.64347059	0.62807692	0.87545455	0.766480769
0.02427679	0.09877465	0.23899713	0.38801493	0.50366667	0.55314286	0.6497619	0.88176471	0.78022581	0.8094		0.705700397
0.02141667	0.08896154	0.18962069	0.34431304	0.44281081	0.45466667	0.61333333	0.52583333	0.74866667	0.857		0.846583333
0.02383		0.071		0.17229787	0.24505263	0.355		0.43808108	0.51846667	0.57692308	0.65875		0.385		0.792375
0.02139773	0.08781699	0.15775		0.23990991	0.29491837	0.39523684	0.52626316	0.57105556	0.586875	0.82		0.305987302
# Weights at Age Pointers
1
1
1
1
2
2
# Selectivity Block Assignment
# Fleet 1 Selectivity Block Assignment
1
1
1
1
1
1
1
1
1
1
1
1
1
1
1
1
1
1
1
1
1
1
1
1
1
1
1
1
1
1
1
1
1
1
1
1
1
1
1
1
# Selectivity Options for each block 1=by age, 2=logisitic, 3=double logistic
2  
# Selectivity Block #1 Data 
0               1               1               0.001           
0.05            1               1               0.001           
0.05            1               1               0.001           
0.25            1               1               0.001           
0.76            1               1               0.001           
1               1               1               0.001           
1               1               1               0.001           
1               1               1               0.001           
1               1               1               0.001           
1               1               1               0.001           
1               1               1               0.001           
5               1               1               0.1             
1.5             1               1               0.1             
0               -1              0               0               
0               -1              0               0               
0               -1              0               0               
0               -1              0               0               
# Fleet Start Age
1  
# Fleet End Age
11  
# Age Range for Average F
6  9
# Average F report option (1=unweighted, 2=Nweighted, 3=Bweighted)
1
# Use Likelihood constants? (1=yes)
1
# Release Mortality by Fleet
0  
# Catch Data
# Fleet-1 Catch Data
5.2	        98.87	    1071.6573	2671.5003	3938.6892	3933.3145	3632.03	    1185.4	    1138.6	    849.9	    1380.4	    19905.561
5.102	    981.939094	2192.09685	5056.2346	5338.2646	3648.9226	2401.2969	1581.9269	645.24004	439.89547	621.03479	22911.954
9.6032	    603.238064	3348.50173	4574.7054	4503.8882	3599.2257	3297.6372	2037.99	    1256.34039	736.84099	717.5373	24685.508
14.5489	    662.790533	1477.91751	5174.3104	4915.0974	3910.4588	2268.685	1271.2812	700.767	    449.29997	910.79179	21756.183
2.535	    370.4668	990.5746	2422.0608	6031.2415	3244.4471	1935.634	580.275	    273.8	    307.2	    768.9	    16927.135
64.7727	    157.8268	1217.42452	1336.4092	2404.5717	2872.048	2228.1623	1081.2893	438.07176	267.11693	181.94479	12249.638
59.303	    638.707896	737.97712	2283.9708	1700.0419	1476.4634	1307.0657	631.4997	254.92144	104.79308	99.8809	    9294.843
38.4748	    589.61495	1840.49464	1439.2392	2282.2961	1336.9125	895.0365	542.8549	187.15802	61.61753	59.94087	9273.64
313.5061	785.537485	1839.53052	1833.4106	1597.3727	1444.4166	552.7846	270.3125	177.09743	88.15516	55.32186	8957.446
27.0247958	2618.001912	3216.20129	1990.5414	990.5813	598.3942	764.61	    475.6055	200.02119	102.83214	115.67244	11099.486
94.388888	1097.50826	5577.17268	3062.0688	1544.3108	578.2525	302.5324	349.4469	192.87724	96.09368	161.08885	13055.741
2.9522236	429.69152	1735.02526	5366.9245	3643.7055	1164.2524	325.7121	166.9921	202.49018	97.94089	105.44967	13241.136
25.1257553	346.99689	1068.36965	2233.2844	5694.3425	2648.9166	833.127	    201.4467	131.34854	117.59171	93.94431	13394.494
405.4265475	243.407173	599.86936	1905.3359	2473.8032	2620.3675	1407.407	270.6873	294.35429	151.54532	124.9624	10497.166
185.5663565	1148.325639	511.04856	1489.0175	2647.3824	1510.1759	1183.6671	684.4465	286.66325	162.84405	132.12524	9941.263
148.9959654	2307.187283	1513.58768	2236.3838	3338.982	1757.0784	777.2853	697.1295	138.70044	53.27947	51.11541	13019.725
264.7459678	1003.051669	1653.11542	4137.1813	3105.3235	1722.7203	535.8507	272.0128	139.82357	41.5228	    45.71957	12921.068
61.8044276	710.106648	492.39151	2289.8458	3440.7107	1676.5665	636.4656	192.5242	90.6803	    64.42805	65.40727	9720.931
6.1198936	33.364744	297.14955	950.4189	2724.9527	2865.4008	1173.7002	325.6896	57.79216	50.15169	26.7482	    8511.488
3.8986044	57.002749	197.32637	680.4619	1455.0018	1992.9863	1129.1212	396.8086	135.15737	37.96064	31.543	    6117.269
0.6979889	38.528312	376.25862	830.0754	1778.7262	2363.1853	1731.7195	554.6434	149.43568	56.15583	20.09956	7899.526
14.357737	177.973978	348.83434	1083.999	2290.7039	2240.7219	1596.6746	881.2325	318.53106	62.17495	36.86626	9052.07
1.8959256	16.931104	89.20798	742.3801	1345.14	    1677.3551	1168.0973	523.8883	274.40851	156.56331	181.39295	6177.26
39.608488	683.790571	119.58567	470.6891	1223.3657	1194.2577	705.4708	509.9779	262.60324	166.71409	118.67905	5497.225
10.3197526	140.546149	116.48369	391.428	    829.721	    976.5088	497.9447	362.3641	225.82831	76.93862	81.21711	3709.339
39.0977539	359.82984	105.81085	446.0072	823.6379	733.8541	448.6286	205.109	    106.33652	49.62829	51.0888	    3369.029
58.1199962	110.11914	120.58782	427.3921	744.3456	564.3166	410.0518	226.0551	106.0335	59.61265	43.29624	2869.93
136.2006539	220.59909	214.85768	696.7781	830.4929	508.0116	229.821	    105.3291	64.1577	    29.99758	25.77254	3062.018
21.4001042	55.642714	200.31329	466.3889	842.986	    580.9949	339.6088	187.3584	103.91591	73.18808	66.40114	2944.218
48.6177571	119.542893	206.88349	550.7104	1077.7238	924.0969	534.671	    360.072	    144.25559	52.67864	102.01902	4133.49
102.8186365	247.752992	183.31926	314.5833	716.3683	1109.4899	699.9059	300.0941	184.49545	120.86653	99.93374	4079.668
180.0367294	799.949163	544.85699	275.5648	424.1459	860.5673	894.6867	478.4148	132.05346	70.00873	57.459	    4717.744
7.0736801	475.072255	387.21913	352.5342	524.0018	537.5226	763.5283	793.8769	369.13958	91.0462	    100.07937	4401.105
17.1628398	95.332149	166.98402	277.607	    423.174	    635.6262	393.251	    412.715	    349.24966	178.63097	76.60267	3026.387
9.1306751	43.98106	154.35474	401.6994	459.0853	265.6745	553.2335	188.6716	176.32538	138.64541	141.06685	2531.868
1.7698773	76.996908	175.05449	415.0547	448.155	    317.8485	250.8089	339.1412	111.79279	140.04042	137.59616	2414.259
0.6180203	10.519646	255.95495	286.6273	372.5198	305.1735	193.4072	111.18	    162.48617	65.47357	176.62649	1940.587
0.8530086	31.10248	37.50471	565.0303	441.0176	341.9056	244.3052	117.2795	98.75584	106.03734	140.09106	2123.883
3.5368771	7.775185	65.76898	102.8497	722.1613	422.9009	242.8716	194.0263	82.82647	69.21438	207.22965	2121.161
3.7988434	38.891021	18.68743	155.728	    207.194	    730.4821	358.2922	183.1132	82.39093	42.48427	107.76996	1928.832        
# Discards
# Fleet-1 Discards Data
0	0	0	0	0	0	0	0	0	0	0	0
0	0	0	0	0	0	0	0	0	0	0	0
0	0	0	0	0	0	0	0	0	0	0	0
0	0	0	0	0	0	0	0	0	0	0	0
0	0	0	0	0	0	0	0	0	0	0	0
0	0	0	0	0	0	0	0	0	0	0	0
0	0	0	0	0	0	0	0	0	0	0	0
0	0	0	0	0	0	0	0	0	0	0	0
0	0	0	0	0	0	0	0	0	0	0	0
0	0	0	0	0	0	0	0	0	0	0	0
0	0	0	0	0	0	0	0	0	0	0	0
0	0	0	0	0	0	0	0	0	0	0	0
0	0	0	0	0	0	0	0	0	0	0	0
0	0	0	0	0	0	0	0	0	0	0	0
0	0	0	0	0	0	0	0	0	0	0	0
0	0	0	0	0	0	0	0	0	0	0	0
0	0	0	0	0	0	0	0	0	0	0	0
0	0	0	0	0	0	0	0	0	0	0	0
0	0	0	0	0	0	0	0	0	0	0	0
0	0	0	0	0	0	0	0	0	0	0	0
0	0	0	0	0	0	0	0	0	0	0	0
0	0	0	0	0	0	0	0	0	0	0	0
0	0	0	0	0	0	0	0	0	0	0	0
0	0	0	0	0	0	0	0	0	0	0	0
0	0	0	0	0	0	0	0	0	0	0	0
0	0	0	0	0	0	0	0	0	0	0	0
0	0	0	0	0	0	0	0	0	0	0	0
0	0	0	0	0	0	0	0	0	0	0	0
0	0	0	0	0	0	0	0	0	0	0	0
0	0	0	0	0	0	0	0	0	0	0	0
0	0	0	0	0	0	0	0	0	0	0	0
0	0	0	0	0	0	0	0	0	0	0	0
0	0	0	0	0	0	0	0	0	0	0	0
0	0	0	0	0	0	0	0	0	0	0	0
0	0	0	0	0	0	0	0	0	0	0	0
0	0	0	0	0	0	0	0	0	0	0	0
0	0	0	0	0	0	0	0	0	0	0	0
0	0	0	0	0	0	0	0	0	0	0	0
0	0	0	0	0	0	0	0	0	0	0	0
0	0	0	0	0	0	0	0	0	0	0	0           
# Release Proportion
# Fleet-1 Release Data
0	0	0	0	0	0	0	0	0	0	0
0	0	0	0	0	0	0	0	0	0	0
0	0	0	0	0	0	0	0	0	0	0
0	0	0	0	0	0	0	0	0	0	0
0	0	0	0	0	0	0	0	0	0	0
0	0	0	0	0	0	0	0	0	0	0
0	0	0	0	0	0	0	0	0	0	0
0	0	0	0	0	0	0	0	0	0	0
0	0	0	0	0	0	0	0	0	0	0
0	0	0	0	0	0	0	0	0	0	0
0	0	0	0	0	0	0	0	0	0	0
0	0	0	0	0	0	0	0	0	0	0
0	0	0	0	0	0	0	0	0	0	0
0	0	0	0	0	0	0	0	0	0	0
0	0	0	0	0	0	0	0	0	0	0
0	0	0	0	0	0	0	0	0	0	0
0	0	0	0	0	0	0	0	0	0	0
0	0	0	0	0	0	0	0	0	0	0
0	0	0	0	0	0	0	0	0	0	0
0	0	0	0	0	0	0	0	0	0	0
0	0	0	0	0	0	0	0	0	0	0
0	0	0	0	0	0	0	0	0	0	0
0	0	0	0	0	0	0	0	0	0	0
0	0	0	0	0	0	0	0	0	0	0
0	0	0	0	0	0	0	0	0	0	0
0	0	0	0	0	0	0	0	0	0	0
0	0	0	0	0	0	0	0	0	0	0
0	0	0	0	0	0	0	0	0	0	0
0	0	0	0	0	0	0	0	0	0	0
0	0	0	0	0	0	0	0	0	0	0
0	0	0	0	0	0	0	0	0	0	0
0	0	0	0	0	0	0	0	0	0	0
0	0	0	0	0	0	0	0	0	0	0
0	0	0	0	0	0	0	0	0	0	0
0	0	0	0	0	0	0	0	0	0	0
0	0	0	0	0	0	0	0	0	0	0
0	0	0	0	0	0	0	0	0	0	0
0	0	0	0	0	0	0	0	0	0	0
0	0	0	0	0	0	0	0	0	0	0
0	0	0	0	0	0	0	0	0	0	0              
# Survey Index Data
# Aggregate Index Units (1=biomass, 2=abundance)
2  2  2  2  2  2  2  2  2  2  2  2    
# Age Proportion Index Units
2  2  2  2  2  2  2  2  2  2  2  2  
# Weight at Age Matrix
3  4  2  2  2  2  2  2  2  2  2  2  
# Index Month
4  10  4  10  4  10  4  10  4  10  4  10   
# Index Selectivity Link to Fleet
-1  -1  -1  -1 -1  -1  -1  -1  -1  -1  -1  -1   
# Index Selectivity Options 1=by age, 2=logisitic, 3=double logistic
1  1  1  1  1  1  1  1  1  1  1  1 
# Index Start Age
1  1  1  1  1  1  1  1  1  1  1  1 
# Index End Age
10  10  11  11  11  11  11  11  11  11  11  11
# Estimate Proportion (Yes=1)
1  1  0  0  0  0  0  0  0  0  0  0 
# Use Index (Yes=1)
1  1  0  0  0  0  0  0  0  0  0  0  
# Index-1 Selectivity Data NEFSC Spring
1          2               0               1               
1          2               0               1               
1          2               0               1               
1          2               0               1               
1          2               0               1               
1          2               0               1               
1          2               0               1               
1          2               0               1               
1          2              0               1    
1          2              0               1 
0          -2              0               1               
1          2               0               1               
0          0               0               0               
0          0               0               0               
0          0               0               0               
0          0               0               0     
0          0               0               0                  
# Index-2 Selectivity Data NEFSC Fall
1          2               0               1               
1          2               0               1               
1          2               0               1               
1          2               0               1               
1          2               0               1               
1          2               0               1               
1          2               0               1               
1          2               0               1               
1          2              0               1    
1          2              0               1 
0          -2              0               1               
1          2               0               1               
0          0               0               0               
0          0               0               0               
0          0               0               0               
0          0               0               0     
0          0               0               0                   
# Index-3 Selectivity Data MADMF Spring
1               -1              0               0.001           
1               -1              0               0.001           
1               -1              0               0.001           
1               -1              0               0.001           
1               -1              0               0.001           
1               -1              0               0.001           
1               -1              0               0.001           
1               -1              0               0.001           
1               -1              0               0.001           
0               -1              0               0.001           
0               -1              0               0.001           
0               -1              0               0               
0               -1              0               0               
0               -1              0               0               
0               -1              0               0               
0               -1              0               0               
0               -1              0               0                 
# Index-4 Selectivity Data MADMF Fall
1               -1              0               0.001           
1               -1              0               0.001           
1               -1              0               0.001           
1               -1              0               0.001           
1               -1              0               0.001           
1               -1              0               0.001           
1               -1              0               0.001           
1               -1              0               0.001           
1               -1              0               0.001           
0               -1              0               0.001           
0               -1              0               0.001           
0               -1              0               0               
0               -1              0               0               
0               -1              0               0               
0               -1              0               0               
0               -1              0               0               
0               -1              0               0        
# Index-5 Selectivity Data VAST NEFSC Spring
1               -1              0               0.001           
1               -1              0               0.001           
1               -1              0               0.001           
1               -1              0               0.001           
1               -1              0               0.001           
1               -1              0               0.001           
1               -1              0               0.001           
1               -1              0               0.001           
1               -1              0               0.001           
0               -1              0               0.001           
0               -1              0               0.001           
0               -1              0               0               
0               -1              0               0               
0               -1              0               0               
0               -1              0               0               
0               -1              0               0               
0               -1              0               0  
# Index-6 Selectivity Data VAST NEFSC Fall
1               -1              0               0.001           
1               -1              0               0.001           
1               -1              0               0.001           
1               -1              0               0.001           
1               -1              0               0.001           
1               -1              0               0.001           
1               -1              0               0.001           
1               -1              0               0.001           
1               -1              0               0.001           
0               -1              0               0.001           
0               -1              0               0.001           
0               -1              0               0               
0               -1              0               0               
0               -1              0               0               
0               -1              0               0               
0               -1              0               0               
0               -1              0               0   
# Index-7 Selectivity Data VAST MADMF Spring
1               -1              0               0.001           
1               -1              0               0.001           
1               -1              0               0.001           
1               -1              0               0.001           
1               -1              0               0.001           
1               -1              0               0.001           
1               -1              0               0.001           
1               -1              0               0.001           
1               -1              0               0.001           
0               -1              0               0.001           
0               -1              0               0.001           
0               -1              0               0               
0               -1              0               0               
0               -1              0               0               
0               -1              0               0               
0               -1              0               0               
0               -1              0               0  
# Index-8 Selectivity Data VAST MADMF Fall
1               -1              0               0.001           
1               -1              0               0.001           
1               -1              0               0.001           
1               -1              0               0.001           
1               -1              0               0.001           
1               -1              0               0.001           
1               -1              0               0.001           
1               -1              0               0.001           
1               -1              0               0.001           
0               -1              0               0.001           
0               -1              0               0.001           
0               -1              0               0               
0               -1              0               0               
0               -1              0               0               
0               -1              0               0               
0               -1              0               0               
0               -1              0               0     
# Index-9 Selectivity Data VAST MENH Spring
1               -1              0               0.001           
1               -1              0               0.001           
1               -1              0               0.001           
1               -1              0               0.001           
1               -1              0               0.001           
1               -1              0               0.001           
1               -1              0               0.001           
1               -1              0               0.001           
1               -1              0               0.001           
0               -1              0               0.001           
0               -1              0               0.001           
0               -1              0               0               
0               -1              0               0               
0               -1              0               0               
0               -1              0               0               
0               -1              0               0               
0               -1              0               0           
# Index-10 Selectivity Data VAST MENH Fall
1               -1              0               0.001           
1               -1              0               0.001           
1               -1              0               0.001           
1               -1              0               0.001           
1               -1              0               0.001           
1               -1              0               0.001           
1               -1              0               0.001           
1               -1              0               0.001           
1               -1              0               0.001           
0               -1              0               0.001           
0               -1              0               0.001           
0               -1              0               0               
0               -1              0               0               
0               -1              0               0               
0               -1              0               0               
0               -1              0               0               
0               -1              0               0   
# Index-11 Selectivity Data VAST All Spring
1               -1              0               0.001           
1               -1              0               0.001           
1               -1              0               0.001           
1               -1              0               0.001           
1               -1              0               0.001           
1               -1              0               0.001           
1               -1              0               0.001           
1               -1              0               0.001           
1               -1              0               0.001           
0               -1              0               0.001           
0               -1              0               0.001           
0               -1              0               0               
0               -1              0               0               
0               -1              0               0               
0               -1              0               0               
0               -1              0               0               
0               -1              0               0 
# Index-12 Selectivity Data VAST All Fall
1               -1              0               0.001           
1               -1              0               0.001           
1               -1              0               0.001           
1               -1              0               0.001           
1               -1              0               0.001           
1               -1              0               0.001           
1               -1              0               0.001           
1               -1              0               0.001           
1               -1              0               0.001           
0               -1              0               0.001           
0               -1              0               0.001           
0               -1              0               0               
0               -1              0               0               
0               -1              0               0               
0               -1              0               0               
0               -1              0               0               
0               -1              0               0 
# Index-1 NEFSC Spring
1980	18.3308	0.1479	0		2.2375	4.092	3.0357	2.9795	1.6078	1.073	0.2438	0.2978	0.3159	-999	50
1981	21.5633	0.0935	0.3784	4.5049	4.9939	3.8543	2.7996	1.7478	1.4533	0.7816	0.3991	0.6396	-999	50
1982	11.6342	0.1556	0.0171	0.9436	1.8561	3.2488	2.0787	1.2863	0.9078	0.4872	0.3488	0.3088	-999	50
1983	17.5712	0.2222	0		3.7452	3.448	4.6445	2.7178	1.2027	0.5868	0.3224	0.1457	0.3642	-999	50
1984	4.954	0.1399	0		0.5223	0.9169	1.0968	1.2283	0.7359	0.255	0.0818	0.0093	0.0779	-999	50
1985	5.4092	0.0984	0.0215	0.3972	1.1966	1.0115	0.7662	0.8271	0.4845	0.408	0.1095	0.1656	-999	50
1986	3.7114	0.1527	0.0094	0.7868	0.4389	1.1593	0.6034	0.3218	0.1891	0.1282	0.0381	0.0175	-999	50
1987	4.1127	0.1121	0.1073	0.773	1.2959	0.7473	0.5581	0.2674	0.1632	0.074	0.0287	0.0518	-999	50
1988	4.7344	0.1349	0.5841	1.3975	1.0333	0.9328	0.3062	0.229	0.097	0.0271	0.0813	0.0467	-999	50
1989	4.8082	0.1495	0.0135	1.5801	1.2724	0.8639	0.4915	0.2787	0.1449	0.0284	0.0705	0.0111	-999	50
1990	5.59	0.1751	0.0051	0.8753	2.7865	1.0554	0.5204	0.1825	0.0665	0.0483	0.048	0		-999	50
1991	6.4825	0.1493	0.0335	0.9047	1.9469	2.3781	0.9234	0.1466	0.0652	0.0203	0.0181	0.0266	-999	50
1992	4.457	0.1045	0.0903	0.4116	1.2948	0.9223	1.1264	0.4328	0.0992	0.0383	0.0239	0.0176	-999	50
1993	5.3285	0.1315	0.3285	0.8688	1.1606	1.5667	0.6311	0.4616	0.1659	0.0834	0.015	0.0474	-999	50
1994	4.8846	0.1512	0.0288	1.4453	1.1378	1.1162	0.7388	0.2285	0.0984	0.0353	0.0068	0.0275	-999	50
1995	9.7324	0.1678	0.0322	2.0388	3.4112	2.3253	1.123	0.4462	0.215	0.0246	0.0315	0.0739	-999	50
1996	7.7888	0.1343	0.0224	0.5115	1.8324	3.2889	1.3045	0.5079	0.2151	0.0444	0.0178	0		-999	50
1997	8.0431	0.3195	0.0114	0.8472	1.6361	2.5874	2.2926	0.5481	0.0881	0.0123	0		0.0207	-999	50
1998	4.9407	0.1142	0.0582	0.2283	1.1609	1.1253	1.2904	0.8044	0.1856	0.0628	0.0039	0.0204	-999	50
1999	4.4717	0.1287	0.0854	0.536	0.5397	1.1732	0.7997	0.7014	0.4294	0.1687	0.0231	0.0152	-999	50
2000	11.4443	0.1522	0.0478	2.4559	2.9133	2.4544	1.7576	0.9043	0.628	0.1536	0.0738	0.0378	-999	50
2001	11.0213	0.1543	0		0.7895	3.7539	3.4322	1.418	0.8609	0.4084	0.1903	0.0997	0.0689	-999	50
2002	7.9472	0.1333	0.0679	0.3611	1.3187	2.871	1.8072	0.597	0.3889	0.2361	0.1722	0.073	-999	50
2003	4.2622	0.1227	0.0359	0.8082	0.2648	0.7164	1.2621	0.6127	0.221	0.1264	0.0892	0.1123	-999	50
2004	10.4496	0.2319	0.4434	1.0582	3.0948	2.4247	1.5212	1.2344	0.3511	0.0991	0.1829	0.0401	-999	50
2005	5.0231	0.3181	0.1932	0.773	1.0256	1.2572	0.9183	0.4988	0.2274	0.1138	0		0.0164	-999	50
2006	8.1576	0.1566	0.7611	1.9638	1.9099	1.8048	0.8168	0.3759	0.3472	0.1187	0.0185	0.0413	-999	50
2007	11.135	0.1248	0.2552	4.0943	3.2206	1.8403	1.1247	0.3351	0.1388	0.0681	0.0096	0.0484	-999	50
2008	8.8964	0.1218	0.1183	0.7201	2.2009	3.0153	1.6469	0.7133	0.2689	0.0861	0.0595	0.0674	-999	50
2009	6.967	0.1238	0.3619	1.7867	0.6295	1.6853	1.3138	0.6746	0.3256	0.1184	0.0395	0.0311	-999	50
2010	7.9845	0.1283	0.1566	1.7452	2.1569	1.0268	1.3844	0.9089	0.3509	0.1243	0.0826	0.0478	-999	50
2011	6.3848	0.1067	0.3986	0.7014	1.1905	1.0838	0.9104	0.6714	0.7161	0.3938	0.1838	0.1351	-999	50
2012	5.9963	0.1328	0.3614	0.7651	1.103	0.9783	0.9562	0.5244	0.5564	0.4372	0.1909	0.1232	-999	50
2013	4.2493	0.1186	0.2534	0.4368	1.1488	0.6109	0.3693	0.6778	0.1918	0.2474	0.1734	0.1375	-999	50
2014	8.9163	0.2102	0.5532	1.5603	1.6633	1.8796	1.055	0.4584	0.7678	0.2614	0.2605	0.457	-999	50
2015	6.8064	0.1289	0.0651	2.0921	1.9945	1.1106	0.6439	0.2709	0.1664	0.25	0.0761	0.1362	-999	50
2016	9.7681	0.0935	0.486	0.7546	4.2384	1.9287	0.9483	0.451	0.165	0.2366	0.2502	0.3089	-999	50
2017	7.0949	0.1091	0.0563	0.4252	0.6031	3.3459	1.3616	0.527	0.3483	0.1143	0.0683	0.2455	-999	50
2018	6.0476	0.113	0.5106	0.1806	0.6447	0.6479	1.8715	0.8865	0.4079	0.2703	0.2028	0.4254	-999	50
2019	3.5527	0.1638	0.151	0.9571	0.259	0.6652	0.3169	0.6526	0.2511	0.1212	0.0469	0.1307	-999	50
# Index-2 NEFSC Fall
1980	14.9208	0.0891	0.8866	2.6263	2.9108	2.7567	1.5241	0.98	0.907	0.56	0.2957	0.7743	-999	50
1981	13.5713	0.1019	0.3972	3.1151	2.3086	2.4639	2.0882	1.4172	0.574	0.5134	0.0701	0.5316	-999	50
1982	5.891	0.1402	0.219	0.9137	1.661	1.2558	0.5633	0.4798	0.2958	0.1649	0.1868	0.3212	-999	50
1983	9.4234	0.1196	0.5501	1.1705	2.0154	2.8862	1.3081	0.6636	0.3306	0.1712	0.0939	0.2721	-999	50
1984	7.1617	0.1735	0		2.2004	1.573	1.2099	1.0577	0.5112	0.1218	0.1009	0		0.0654	-999	50
1985	7.1825	0.1232	1.0349	0.9557	2.7189	0.9805	0.7782	0.4059	0.1878	0.0502	0.0311	0.0437	-999	50
1986	5.9571	0.2034	0.5082	1.633	0.977	1.4759	0.4665	0.4188	0.1559	0.0966	0.0355	0.0759	-999	50
1987	5.0763	0.1093	0.6337	1.6776	1.222	0.4148	0.6573	0.2229	0.1029	0.0452	0.0391	0.0623	-999	50
1988	10.5433	0.2722	3.1439	3.4106	2.5079	0.7833	0.4694	0.1023	0.0351	0		0.0279	0.0518	-999	50
1989	9.3312	0.1933	0.4596	4.6369	2.8192	0.9683	0.1703	0.0717	0.0137	0.023	0.0185	0.0669	-999	50
1990	16.0184	0.1488	1.5716	2.5547	7.7674	2.8473	0.5739	0.2443	0.114	0.0686	0.0212	0.0615	-999	50
1991	7.8016	0.1177	0.4926	2.6137	2.0215	1.5507	0.701	0.2831	0.0435	0.0625	0		0.0204	-999	50
1992	6.6184	0.1675	0.6946	1.2163	2.0626	1.2973	0.7746	0.2981	0.0673	0.0485	0.0304	0.0677	-999	50
1993	12.8876	0.1545	2.1704	2.7811	3.5328	2.3414	1.0342	0.7931	0.1094	0.0389	0.0366	0.0796	-999	50
1994	18.8738	0.1988	3.8676	8.2182	2.9518	1.6874	1.2774	0.3908	0.2484	0.1305	0.0127	0.0584	-999	50
1995	11.7662	0.1412	0.5258	3.7688	3.7879	2.476	0.8941	0.2109	0.0264	0.0261	0		0.0152	-999	50
1996	7.6412	0.1357	0.5544	0.7979	2.0262	2.7805	0.9172	0.3817	0.0711	0.042	0.0323	0.0627	-999	50
1997	6.4696	0.1307	0.367	1.232	1.5003	1.8954	1.0651	0.3131	0.042	0.01	0.0121	0.0274	-999	50
1998	9.677	0.1466	1.8821	0.6566	2.0227	1.9753	1.8514	1.0857	0.113	0.046	0.0096	0.0327	-999	50
1999	11.1698	0.1704	2.0651	2.2434	2.0903	2.1194	1.5685	0.8446	0.196	0.0264	0		0		-999	50
2000	12.7692	0.2097	0.5685	3.1804	4.0797	2.2114	1.4036	0.7088	0.3868	0.1323	0.0342	0.0653	-999	50
2001	10.3742	0.1924	0.4111	1.2671	3.2896	2.5819	1.4242	0.5291	0.3958	0.2554	0.1616	0.1984	-999	50
2002	9.9864	0.1672	1.1215	0.8081	1.3586	3.3939	1.7798	0.5308	0.3997	0.2795	0.1642	0.2659	-999	50
2003	9.518	0.2029	0.8216	2.3779	1.2458	1.7494	1.7492	0.8823	0.3383	0.1311	0.0558	0.165	-999	50
2004	6.4118	0.0958	1.0623	1.2097	1.3288	1.1753	0.8082	0.485	0.1892	0.091	0.0299	0.0532	-999	50
2005	7.0081	0.1341	0.9846	2.0616	0.9653	1.388	0.7636	0.4413	0.1546	0.1118	0.0805	0.1375	-999	50
2006	12.9185	0.1842	2.0513	2.8244	2.9832	2.463	1.3217	0.5569	0.4336	0.1763	0.0321	0.0824	-999	50
2007	12.3712	0.18	1.1309	3.8616	3.3097	2.4986	0.8831	0.4624	0.1496	0.0382	0.0188	0.0188	-999	50
2008	15.6688	0.1373	2.3544	1.9639	5.1835	3.1915	1.4249	0.9303	0.4164	0.0472	0.0684	0.1134	-999	50
2009	7.9249	0.1522	1.6834	2.1252	1.1163	1.3424	1.0831	0.355	0.0891	0.051	0.0238	0.0512	-999	50
2010	7.0343	0.1217	1.0152	1.569	1.1321	0.8116	1.1521	0.7027	0.3389	0.0815	0.046	0.104	-999	50
2011	10.2758	0.2185	2.5509	1.3649	1.343	1.7898	0.7375	1.0006	0.8061	0.3736	0.1718	0.3037	-999	50
2012	5.6553	0.1627	0.8476	1.2115	0.8649	0.8512	0.6742	0.3733	0.3864	0.2449	0.1152	0.1628	-999	50
2013	5.7671	0.1067	1.13	1.359	1.0339	0.5765	0.3386	0.5385	0.1662	0.1049	0.1742	0.2091	-999	50
2014	11.5069	0.1309	5.1951	2.2142	1.7304	0.965	0.2675	0.2046	0.5222	0.0859	0.1605	0.3167	-999	50
2015	11.4404	0.1198	0.7228	4.888	2.1723	1.4399	0.9967	0.3489	0.1775	0.278	0.103	0.3606	-999	50
2016	9.1311	0.1175	0.7302	0.5207	4.0171	1.619	0.7921	0.5696	0.1887	0.115	0.2357	0.5695	-999	50
2017	6.0947	0.1573	0.1586	1.3217	0.638	2.406	0.7733	0.2711	0.1347	0.1065	0.0333	0.247	-999	50
2018	6.4596	0.115	0.9829	0.1723	1.3866	0.3537	2.1795	0.6294	0.2717	0.2255	0.0516	0.2393	-999	50
2019	4.9532	0.1392	0.5759	1.4473	0.295	0.9008	0.3786	0.8652	0.1379	0.1275	0.0505	0.1809	-999	50
# Index-3 MADMF Spring
1980	176.8148	0.1385	0	0	0	0	0	0	0	0	0	0	0	50
1981	123.187		0.2127	0	0	0	0	0	0	0	0	0	0	0	50
1982	100.74		0.1685	0	0	0	0	0	0	0	0	0	0	0	50
1983	51.0435		0.2476	0	0	0	0	0	0	0	0	0	0	0	50
1984	50.8628		0.146	0	0	0	0	0	0	0	0	0	0	0	50
1985	67.8774		0.2115	0	0	0	0	0	0	0	0	0	0	0	50
1986	115.6208	0.1887	0	0	0	0	0	0	0	0	0	0	0	50
1987	81.1845		0.2656	0	0	0	0	0	0	0	0	0	0	0	50
1988	159.6017	0.1749	0	0	0	0	0	0	0	0	0	0	0	50
1989	142.6139	0.1907	0	0	0	0	0	0	0	0	0	0	0	50
1990	91.9526		0.1663	0	0	0	0	0	0	0	0	0	0	0	50
1991	69.7775		0.1406	0	0	0	0	0	0	0	0	0	0	0	50
1992	69.3847		0.192	0	0	0	0	0	0	0	0	0	0	0	50
1993	56.7274		0.1771	0	0	0	0	0	0	0	0	0	0	0	50
1994	93.4733		0.1765	0	0	0	0	0	0	0	0	0	0	0	50
1995	83.6837		0.1097	0	0	0	0	0	0	0	0	0	0	0	50
1996	42.8457		0.1706	0	0	0	0	0	0	0	0	0	0	0	50
1997	42.2715		0.1976	0	0	0	0	0	0	0	0	0	0	0	50
1998	31.2437		0.1657	0	0	0	0	0	0	0	0	0	0	0	50
1999	37.6646		0.3081	0	0	0	0	0	0	0	0	0	0	0	50
2000	91.4824		0.1751	0	0	0	0	0	0	0	0	0	0	0	50
2001	43.5823		0.211	0	0	0	0	0	0	0	0	0	0	0	50
2002	41.2989		0.2066	0	0	0	0	0	0	0	0	0	0	0	50
2003	60.6828		0.1658	0	0	0	0	0	0	0	0	0	0	0	50
2004	65.6637		0.1464	0	0	0	0	0	0	0	0	0	0	0	50
2005	56.5827		0.1676	0	0	0	0	0	0	0	0	0	0	0	50
2006	88.9382		0.1302	0	0	0	0	0	0	0	0	0	0	0	50
2007	84.9151		0.2235	0	0	0	0	0	0	0	0	0	0	0	50
2008	70.6701		0.1049	0	0	0	0	0	0	0	0	0	0	0	50
2009	88.761		0.2215	0	0	0	0	0	0	0	0	0	0	0	50
2010	45.8745		0.1376	0	0	0	0	0	0	0	0	0	0	0	50
2011	38.5474		0.2715	0	0	0	0	0	0	0	0	0	0	0	50
2012	28.2761		0.3744	0	0	0	0	0	0	0	0	0	0	0	50
2013	26.8108		0.2667	0	0	0	0	0	0	0	0	0	0	0	50
2014	16.5427		0.2871	0	0	0	0	0	0	0	0	0	0	0	50
2015	38.3749		0.1096	0	0	0	0	0	0	0	0	0	0	0	50
2016	27.58		0.3192	0	0	0	0	0	0	0	0	0	0	0	50
2017	18.0574		0.1789	0	0	0	0	0	0	0	0	0	0	0	50
2018	11.2079		0.0915	0	0	0	0	0	0	0	0	0	0	0	50
2019	9.4412		0.3559	0	0	0	0	0	0	0	0	0	0	0	50
# Index-4 MADMF Fall
1980	74.8149		0.1485	0	0	0	0	0	0	0	0	0	0	0	50
1981	23.5323		0.2764	0	0	0	0	0	0	0	0	0	0	0	50
1982	46.7827		0.2294	0	0	0	0	0	0	0	0	0	0	0	50
1983	79.2667		0.1956	0	0	0	0	0	0	0	0	0	0	0	50
1984	23.0551		0.2938	0	0	0	0	0	0	0	0	0	0	0	50
1985	71.6644		0.1759	0	0	0	0	0	0	0	0	0	0	0	50
1986	73.8748		0.187	0	0	0	0	0	0	0	0	0	0	0	50
1987	71.0218		0.2927	0	0	0	0	0	0	0	0	0	0	0	50
1988	145.1485	0.1847	0	0	0	0	0	0	0	0	0	0	0	50
1989	170.6813	0.1505	0	0	0	0	0	0	0	0	0	0	0	50
1990	72.8607		0.1701	0	0	0	0	0	0	0	0	0	0	0	50
1991	131.8771	0.1838	0	0	0	0	0	0	0	0	0	0	0	50
1992	91.673		0.161	0	0	0	0	0	0	0	0	0	0	0	50
1993	117.7525	0.117	0	0	0	0	0	0	0	0	0	0	0	50
1994	125.6327	0.1239	0	0	0	0	0	0	0	0	0	0	0	50
1995	66.8632		0.1334	0	0	0	0	0	0	0	0	0	0	0	50
1996	66.1958		0.1026	0	0	0	0	0	0	0	0	0	0	0	50
1997	43.2498		0.1065	0	0	0	0	0	0	0	0	0	0	0	50
1998	44.3996		0.1444	0	0	0	0	0	0	0	0	0	0	0	50
1999	64.0404		0.1622	0	0	0	0	0	0	0	0	0	0	0	50
2000	58.1562		0.146	0	0	0	0	0	0	0	0	0	0	0	50
2001	66.3511		0.059	0	0	0	0	0	0	0	0	0	0	0	50
2002	66.8239		0.0983	0	0	0	0	0	0	0	0	0	0	0	50
2003	59.3716		0.1904	0	0	0	0	0	0	0	0	0	0	0	50
2004	81.9604		0.1604	0	0	0	0	0	0	0	0	0	0	0	50
2005	95.4013		0.1301	0	0	0	0	0	0	0	0	0	0	0	50
2006	73.0686		0.1877	0	0	0	0	0	0	0	0	0	0	0	50
2007	55.4117		0.121	0	0	0	0	0	0	0	0	0	0	0	50
2008	55.2947		0.1111	0	0	0	0	0	0	0	0	0	0	0	50
2009	51.3499		0.1213	0	0	0	0	0	0	0	0	0	0	0	50
2010	38.7587		0.1411	0	0	0	0	0	0	0	0	0	0	0	50
2011	60.8884		0.16	0	0	0	0	0	0	0	0	0	0	0	50
2012	15.2916		0.1619	0	0	0	0	0	0	0	0	0	0	0	50
2013	16.5756		0.2068	0	0	0	0	0	0	0	0	0	0	0	50
2014	18.3759		0.1306	0	0	0	0	0	0	0	0	0	0	0	50
2015	31.8064		0.0876	0	0	0	0	0	0	0	0	0	0	0	50
2016	17.9522		0.1329	0	0	0	0	0	0	0	0	0	0	0	50
2017	15.7109		0.1513	0	0	0	0	0	0	0	0	0	0	0	50
2018	11.508		0.1998	0	0	0	0	0	0	0	0	0	0	0	50
2019	1.0812		0.441	0	0	0	0	0	0	0	0	0	0	0	50
# Index-5 VAST NEFSC Spring
1980	1.624261	1.600079	0	0	0	0	0	0	0	0	0	0	0	50
1981	2.418923	1.871004	0	0	0	0	0	0	0	0	0	0	0	50
1982	1.690856	1.646705	0	0	0	0	0	0	0	0	0	0	0	50
1983	1.527177	1.327113	0	0	0	0	0	0	0	0	0	0	0	50
1984	0.959487	0.991291	0	0	0	0	0	0	0	0	0	0	0	50
1985	1.093316	1.590513	0	0	0	0	0	0	0	0	0	0	0	50
1986	1.042059	1.421661	0	0	0	0	0	0	0	0	0	0	0	50
1987	0.767504	1.228417	0	0	0	0	0	0	0	0	0	0	0	50
1988	0.687287	0.942532	0	0	0	0	0	0	0	0	0	0	0	50
1989	0.805628	1.304961	0	0	0	0	0	0	0	0	0	0	0	50
1990	0.898579	1.556235	0	0	0	0	0	0	0	0	0	0	0	50
1991	1.073016	1.236569	0	0	0	0	0	0	0	0	0	0	0	50
1992	1.059383	1.223824	0	0	0	0	0	0	0	0	0	0	0	50
1993	0.934029	0.950905	0	0	0	0	0	0	0	0	0	0	0	50
1994	0.788793	0.968371	0	0	0	0	0	0	0	0	0	0	0	50
1995	1.098643	1.143647	0	0	0	0	0	0	0	0	0	0	0	50
1996	0.975598	1.079366	0	0	0	0	0	0	0	0	0	0	0	50
1997	1.140711	1.121196	0	0	0	0	0	0	0	0	0	0	0	50
1998	1.004591	1.131597	0	0	0	0	0	0	0	0	0	0	0	50
1999	1.040635	1.029118	0	0	0	0	0	0	0	0	0	0	0	50
2000	1.184818	1.105557	0	0	0	0	0	0	0	0	0	0	0	50
2001	0.964289	1.008601	0	0	0	0	0	0	0	0	0	0	0	50
2002	1.096379	0.975166	0	0	0	0	0	0	0	0	0	0	0	50
2003	0.936009	0.956578	0	0	0	0	0	0	0	0	0	0	0	50
2004	0.752346	0.727725	0	0	0	0	0	0	0	0	0	0	0	50
2005	0.55937		0.622829	0	0	0	0	0	0	0	0	0	0	0	50
2006	0.659254	0.643345	0	0	0	0	0	0	0	0	0	0	0	50
2007	0.725428	0.739291	0	0	0	0	0	0	0	0	0	0	0	50
2008	0.727831	1.018336	0	0	0	0	0	0	0	0	0	0	0	50
2009	0.55798		0.388646	0	0	0	0	0	0	0	0	0	0	0	50
2010	0.58575		0.441252	0	0	0	0	0	0	0	0	0	0	0	50
2011	0.567933	0.429594	0	0	0	0	0	0	0	0	0	0	0	50
2012	0.543376	0.447061	0	0	0	0	0	0	0	0	0	0	0	50
2013	0.388871	0.334708	0	0	0	0	0	0	0	0	0	0	0	50
2014	0.427818	0.320441	0	0	0	0	0	0	0	0	0	0	0	50
2015	0.44909		0.357784	0	0	0	0	0	0	0	0	0	0	0	50
2016	0.527824	0.406572	0	0	0	0	0	0	0	0	0	0	0	50
2017	0.5907		0.489465	0	0	0	0	0	0	0	0	0	0	0	50
2018	0.445133	0.552009	0	0	0	0	0	0	0	0	0	0	0	50
2019	0.396822	0.330425	0	0	0	0	0	0	0	0	0	0	0	50
# Index-6 VAST NEFSC Fall
1980	1.349011	1.145832	0	0	0	0	0	0	0	0	0	0	0	50
1981	1.43331		1.257948	0	0	0	0	0	0	0	0	0	0	0	50
1982	0.954704	1.274154	0	0	0	0	0	0	0	0	0	0	0	50
1983	1.097789	1.126495	0	0	0	0	0	0	0	0	0	0	0	50
1984	0.920103	1.013718	0	0	0	0	0	0	0	0	0	0	0	50
1985	1.037945	1.226113	0	0	0	0	0	0	0	0	0	0	0	50
1986	0.823297	1.028957	0	0	0	0	0	0	0	0	0	0	0	50
1987	0.800822	0.91667	0	0	0	0	0	0	0	0	0	0	0	50
1988	0.779186	0.805012	0	0	0	0	0	0	0	0	0	0	0	50
1989	0.827311	0.886011	0	0	0	0	0	0	0	0	0	0	0	50
1990	1.19694		1.378484	0	0	0	0	0	0	0	0	0	0	0	50
1991	1.1004		1.287161	0	0	0	0	0	0	0	0	0	0	0	50
1992	0.827903	1.128918	0	0	0	0	0	0	0	0	0	0	0	50
1993	1.111615	1.351101	0	0	0	0	0	0	0	0	0	0	0	50
1994	0.891352	0.908294	0	0	0	0	0	0	0	0	0	0	0	50
1995	0.935462	0.929544	0	0	0	0	0	0	0	0	0	0	0	50
1996	0.965012	0.898966	0	0	0	0	0	0	0	0	0	0	0	50
1997	0.886367	1.052922	0	0	0	0	0	0	0	0	0	0	0	50
1998	0.999327	1.106287	0	0	0	0	0	0	0	0	0	0	0	50
1999	0.961153	0.918963	0	0	0	0	0	0	0	0	0	0	0	50
2000	1.028852	1.333292	0	0	0	0	0	0	0	0	0	0	0	50
2001	1.043338	1.153067	0	0	0	0	0	0	0	0	0	0	0	50
2002	0.88284		1.229494	0	0	0	0	0	0	0	0	0	0	0	50
2003	0.999823	1.210467	0	0	0	0	0	0	0	0	0	0	0	50
2004	0.727202	0.790938	0	0	0	0	0	0	0	0	0	0	0	50
2005	0.676107	0.678622	0	0	0	0	0	0	0	0	0	0	0	50
2006	0.702584	0.722012	0	0	0	0	0	0	0	0	0	0	0	50
2007	0.678854	0.656515	0	0	0	0	0	0	0	0	0	0	0	50
2008	0.767731	0.676461	0	0	0	0	0	0	0	0	0	0	0	50
2009	0.900728	0.798118	0	0	0	0	0	0	0	0	0	0	0	50
2010	0.839195	0.724847	0	0	0	0	0	0	0	0	0	0	0	50
2011	0.959889	0.81618	0	0	0	0	0	0	0	0	0	0	0	50
2012	0.812324	0.65177	0	0	0	0	0	0	0	0	0	0	0	50
2013	0.699995	0.590815	0	0	0	0	0	0	0	0	0	0	0	50
2014	0.783307	0.752905	0	0	0	0	0	0	0	0	0	0	0	50
2015	1.115086	0.873041	0	0	0	0	0	0	0	0	0	0	0	50
2016	1.195558	0.937184	0	0	0	0	0	0	0	0	0	0	0	50
2017	0.843828	0.935084	0	0	0	0	0	0	0	0	0	0	0	50
2018	0.592853	0.709316	0	0	0	0	0	0	0	0	0	0	0	50
2019	0.652559	0.652077	0	0	0	0	0	0	0	0	0	0	0	50
# Index-7 VAST MADMF Spring
1980	-999	-999	-999	-999	-999	-999	-999	-999	-999	-999	-999	-999	-999	0
1981	2.327943	4.302472	0	0	0	0	0	0	0	0	0	0	0	50
1982	1.340192	1.064761	0	0	0	0	0	0	0	0	0	0	0	50
1983	1.647719	1.49189	0	0	0	0	0	0	0	0	0	0	0	50
1984	0.777865	0.620473	0	0	0	0	0	0	0	0	0	0	0	50
1985	1.013616	1.226475	0	0	0	0	0	0	0	0	0	0	0	50
1986	1.285097	1.495114	0	0	0	0	0	0	0	0	0	0	0	50
1987	0.625166	0.938826	0	0	0	0	0	0	0	0	0	0	0	50
1988	0.703186	0.893353	0	0	0	0	0	0	0	0	0	0	0	50
1989	1.002461	1.043385	0	0	0	0	0	0	0	0	0	0	0	50
1990	1.489129	1.608023	0	0	0	0	0	0	0	0	0	0	0	50
1991	1.142058	0.930206	0	0	0	0	0	0	0	0	0	0	0	50
1992	1.207099	1.124156	0	0	0	0	0	0	0	0	0	0	0	50
1993	0.81407		0.718873	0	0	0	0	0	0	0	0	0	0	0	50
1994	0.818204	0.881112	0	0	0	0	0	0	0	0	0	0	0	50
1995	1.163848	1.242536	0	0	0	0	0	0	0	0	0	0	0	50
1996	1.037891	1.028076	0	0	0	0	0	0	0	0	0	0	0	50
1997	0.981061	1.008685	0	0	0	0	0	0	0	0	0	0	0	50
1998	0.824507	0.912873	0	0	0	0	0	0	0	0	0	0	0	50
1999	0.971848	0.810481	0	0	0	0	0	0	0	0	0	0	0	50
2000	1.313073	1.251825	0	0	0	0	0	0	0	0	0	0	0	50
2001	1.146519	1.045525	0	0	0	0	0	0	0	0	0	0	0	50
2002	0.971602	0.799269	0	0	0	0	0	0	0	0	0	0	0	50
2003	0.994313	0.865554	0	0	0	0	0	0	0	0	0	0	0	50
2004	1.180381	0.856487	0	0	0	0	0	0	0	0	0	0	0	50
2005	0.829412	0.917812	0	0	0	0	0	0	0	0	0	0	0	50
2006	0.979842	0.672077	0	0	0	0	0	0	0	0	0	0	0	50
2007	1.182247	1.049126	0	0	0	0	0	0	0	0	0	0	0	50
2008	1.278099	1.087455	0	0	0	0	0	0	0	0	0	0	0	50
2009	0.980138	0.633483	0	0	0	0	0	0	0	0	0	0	0	50
2010	0.823838	0.525963	0	0	0	0	0	0	0	0	0	0	0	50
2011	0.922947	0.760455	0	0	0	0	0	0	0	0	0	0	0	50
2012	0.796677	0.741679	0	0	0	0	0	0	0	0	0	0	0	50
2013	0.564575	0.499164	0	0	0	0	0	0	0	0	0	0	0	50
2014	0.955047	1.044974	0	0	0	0	0	0	0	0	0	0	0	50
2015	0.641366	0.5846		0	0	0	0	0	0	0	0	0	0	0	50
2016	0.880293	0.829365	0	0	0	0	0	0	0	0	0	0	0	50
2017	0.632193	0.561097	0	0	0	0	0	0	0	0	0	0	0	50
2018	0.445277	0.522851	0	0	0	0	0	0	0	0	0	0	0	50
2019	0.309202	0.409472	0	0	0	0	0	0	0	0	0	0	0	50
# Index-8 VAST MADMF Fall
1980	-999	-999	-999	-999	-999	-999	-999	-999	-999	-999	-999	-999	-999	0
1981	1.248376	2.306377	0	0	0	0	0	0	0	0	0	0	0	50
1982	0.85485		1.044241	0	0	0	0	0	0	0	0	0	0	0	50
1983	0.687318	0.487941	0	0	0	0	0	0	0	0	0	0	0	50
1984	0.656948	1.291882	0	0	0	0	0	0	0	0	0	0	0	50
1985	0.890176	0.753947	0	0	0	0	0	0	0	0	0	0	0	50
1986	0.906877	0.581808	0	0	0	0	0	0	0	0	0	0	0	50
1987	0.790668	0.647817	0	0	0	0	0	0	0	0	0	0	0	50
1988	1.291147	0.976832	0	0	0	0	0	0	0	0	0	0	0	50
1989	1.614406	1.267994	0	0	0	0	0	0	0	0	0	0	0	50
1990	1.371869	1.162966	0	0	0	0	0	0	0	0	0	0	0	50
1991	2.663834	3.161296	0	0	0	0	0	0	0	0	0	0	0	50
1992	0.99557		1.493309	0	0	0	0	0	0	0	0	0	0	0	50
1993	1.181864	0.910062	0	0	0	0	0	0	0	0	0	0	0	50
1994	1.224372	0.896434	0	0	0	0	0	0	0	0	0	0	0	50
1995	1.316591	1.334134	0	0	0	0	0	0	0	0	0	0	0	50
1996	0.891975	0.575474	0	0	0	0	0	0	0	0	0	0	0	50
1997	0.741817	0.726483	0	0	0	0	0	0	0	0	0	0	0	50
1998	0.87901		0.916169	0	0	0	0	0	0	0	0	0	0	0	50
1999	1.133941	0.764463	0	0	0	0	0	0	0	0	0	0	0	50
2000	1.120819	0.834185	0	0	0	0	0	0	0	0	0	0	0	50
2001	1.598404	1.392041	0	0	0	0	0	0	0	0	0	0	0	50
2002	1.051431	0.745894	0	0	0	0	0	0	0	0	0	0	0	50
2003	0.751734	1.079332	0	0	0	0	0	0	0	0	0	0	0	50
2004	0.87468		0.673456	0	0	0	0	0	0	0	0	0	0	0	50
2005	1.085783	0.79024		0	0	0	0	0	0	0	0	0	0	0	50
2006	0.942384	0.685649	0	0	0	0	0	0	0	0	0	0	0	50
2007	1.062805	0.797368	0	0	0	0	0	0	0	0	0	0	0	50
2008	1.072403	0.805439	0	0	0	0	0	0	0	0	0	0	0	50
2009	0.724269	0.7995		0	0	0	0	0	0	0	0	0	0	0	50
2010	0.658924	0.926774	0	0	0	0	0	0	0	0	0	0	0	50
2011	1.312462	0.831557	0	0	0	0	0	0	0	0	0	0	0	50
2012	0.841484	0.865414	0	0	0	0	0	0	0	0	0	0	0	50
2013	0.471284	0.850335	0	0	0	0	0	0	0	0	0	0	0	50
2014	0.819252	1.066174	0	0	0	0	0	0	0	0	0	0	0	50
2015	0.917519	1.096048	0	0	0	0	0	0	0	0	0	0	0	50
2016	1.034839	1.391857	0	0	0	0	0	0	0	0	0	0	0	50
2017	0.621334	0.676274	0	0	0	0	0	0	0	0	0	0	0	50
2018	0.272298	0.563985	0	0	0	0	0	0	0	0	0	0	0	50
2019	0.424283	0.828847	0	0	0	0	0	0	0	0	0	0	0	50
# Index-9 VAST MENH Spring
1980	-999	-999	-999	-999	-999	-999	-999	-999	-999	-999	-999	-999	-999	0
1981	-999	-999	-999	-999	-999	-999	-999	-999	-999	-999	-999	-999	-999	0
1982	-999	-999	-999	-999	-999	-999	-999	-999	-999	-999	-999	-999	-999	0
1983	-999	-999	-999	-999	-999	-999	-999	-999	-999	-999	-999	-999	-999	0
1984	-999	-999	-999	-999	-999	-999	-999	-999	-999	-999	-999	-999	-999	0
1985	-999	-999	-999	-999	-999	-999	-999	-999	-999	-999	-999	-999	-999	0
1986	-999	-999	-999	-999	-999	-999	-999	-999	-999	-999	-999	-999	-999	0
1987	-999	-999	-999	-999	-999	-999	-999	-999	-999	-999	-999	-999	-999	0
1988	-999	-999	-999	-999	-999	-999	-999	-999	-999	-999	-999	-999	-999	0
1989	-999	-999	-999	-999	-999	-999	-999	-999	-999	-999	-999	-999	-999	0
1990	-999	-999	-999	-999	-999	-999	-999	-999	-999	-999	-999	-999	-999	0
1991	-999	-999	-999	-999	-999	-999	-999	-999	-999	-999	-999	-999	-999	0
1992	-999	-999	-999	-999	-999	-999	-999	-999	-999	-999	-999	-999	-999	0
1993	-999	-999	-999	-999	-999	-999	-999	-999	-999	-999	-999	-999	-999	0
1994	-999	-999	-999	-999	-999	-999	-999	-999	-999	-999	-999	-999	-999	0
1995	-999	-999	-999	-999	-999	-999	-999	-999	-999	-999	-999	-999	-999	0
1996	-999	-999	-999	-999	-999	-999	-999	-999	-999	-999	-999	-999	-999	0
1997	-999	-999	-999	-999	-999	-999	-999	-999	-999	-999	-999	-999	-999	0
1998	-999	-999	-999	-999	-999	-999	-999	-999	-999	-999	-999	-999	-999	0
1999	-999	-999	-999	-999	-999	-999	-999	-999	-999	-999	-999	-999	-999	0
2000	1.223384	1.579235	0	0	0	0	0	0	0	0	0	0	0	50
2001	1.275947	1.724331	0	0	0	0	0	0	0	0	0	0	0	50
2002	1.012194	1.552743	0	0	0	0	0	0	0	0	0	0	0	50
2003	1.06674		1.480871	0	0	0	0	0	0	0	0	0	0	0	50
2004	0.856461	0.885575	0	0	0	0	0	0	0	0	0	0	0	50
2005	0.701249	0.601323	0	0	0	0	0	0	0	0	0	0	0	50
2006	0.68627		0.649802	0	0	0	0	0	0	0	0	0	0	0	50
2007	0.684737	0.693931	0	0	0	0	0	0	0	0	0	0	0	50
2008	0.802997	0.81327		0	0	0	0	0	0	0	0	0	0	0	50
2009	0.902161	0.83649		0	0	0	0	0	0	0	0	0	0	0	50
2010	0.980254	0.786827	0	0	0	0	0	0	0	0	0	0	0	50
2011	1.172387	0.989934	0	0	0	0	0	0	0	0	0	0	0	50
2012	0.997499	0.693486	0	0	0	0	0	0	0	0	0	0	0	50
2013	0.850128	0.724433	0	0	0	0	0	0	0	0	0	0	0	50
2014	0.862691	0.874967	0	0	0	0	0	0	0	0	0	0	0	50
2015	1.248387	1.019044	0	0	0	0	0	0	0	0	0	0	0	50
2016	1.619197	1.219892	0	0	0	0	0	0	0	0	0	0	0	50
2017	1.237792	1.199774	0	0	0	0	0	0	0	0	0	0	0	50
2018	0.900691	0.793266	0	0	0	0	0	0	0	0	0	0	0	50
2019	0.918835	0.880808	0	0	0	0	0	0	0	0	0	0	0	50
# Index-10 VAST MENH Fall 
1980	-999	-999	-999	-999	-999	-999	-999	-999	-999	-999	-999	-999	-999	0
1981	-999	-999	-999	-999	-999	-999	-999	-999	-999	-999	-999	-999	-999	0
1982	-999	-999	-999	-999	-999	-999	-999	-999	-999	-999	-999	-999	-999	0
1983	-999	-999	-999	-999	-999	-999	-999	-999	-999	-999	-999	-999	-999	0
1984	-999	-999	-999	-999	-999	-999	-999	-999	-999	-999	-999	-999	-999	0
1985	-999	-999	-999	-999	-999	-999	-999	-999	-999	-999	-999	-999	-999	0
1986	-999	-999	-999	-999	-999	-999	-999	-999	-999	-999	-999	-999	-999	0
1987	-999	-999	-999	-999	-999	-999	-999	-999	-999	-999	-999	-999	-999	0
1988	-999	-999	-999	-999	-999	-999	-999	-999	-999	-999	-999	-999	-999	0
1989	-999	-999	-999	-999	-999	-999	-999	-999	-999	-999	-999	-999	-999	0
1990	-999	-999	-999	-999	-999	-999	-999	-999	-999	-999	-999	-999	-999	0
1991	-999	-999	-999	-999	-999	-999	-999	-999	-999	-999	-999	-999	-999	0
1992	-999	-999	-999	-999	-999	-999	-999	-999	-999	-999	-999	-999	-999	0
1993	-999	-999	-999	-999	-999	-999	-999	-999	-999	-999	-999	-999	-999	0
1994	-999	-999	-999	-999	-999	-999	-999	-999	-999	-999	-999	-999	-999	0
1995	-999	-999	-999	-999	-999	-999	-999	-999	-999	-999	-999	-999	-999	0
1996	-999	-999	-999	-999	-999	-999	-999	-999	-999	-999	-999	-999	-999	0
1997	-999	-999	-999	-999	-999	-999	-999	-999	-999	-999	-999	-999	-999	0
1998	-999	-999	-999	-999	-999	-999	-999	-999	-999	-999	-999	-999	-999	0
1999	-999	-999	-999	-999	-999	-999	-999	-999	-999	-999	-999	-999	-999	0
2000	1.223384	1.579235	0	0	0	0	0	0	0	0	0	0	0	50
2001	1.275947	1.724331	0	0	0	0	0	0	0	0	0	0	0	50
2002	1.012194	1.552743	0	0	0	0	0	0	0	0	0	0	0	50
2003	1.06674		1.480871	0	0	0	0	0	0	0	0	0	0	0	50
2004	0.856461	0.885575	0	0	0	0	0	0	0	0	0	0	0	50
2005	0.701249	0.601323	0	0	0	0	0	0	0	0	0	0	0	50
2006	0.68627		0.649802	0	0	0	0	0	0	0	0	0	0	0	50
2007	0.684737	0.693931	0	0	0	0	0	0	0	0	0	0	0	50
2008	0.802997	0.81327		0	0	0	0	0	0	0	0	0	0	0	50
2009	0.902161	0.83649		0	0	0	0	0	0	0	0	0	0	0	50
2010	0.980254	0.786827	0	0	0	0	0	0	0	0	0	0	0	50
2011	1.172387	0.989934	0	0	0	0	0	0	0	0	0	0	0	50
2012	0.997499	0.693486	0	0	0	0	0	0	0	0	0	0	0	50
2013	0.850128	0.724433	0	0	0	0	0	0	0	0	0	0	0	50
2014	0.862691	0.874967	0	0	0	0	0	0	0	0	0	0	0	50
2015	1.248387	1.019044	0	0	0	0	0	0	0	0	0	0	0	50
2016	1.619197	1.219892	0	0	0	0	0	0	0	0	0	0	0	50
2017	1.237792	1.199774	0	0	0	0	0	0	0	0	0	0	0	50
2018	0.900691	0.793266	0	0	0	0	0	0	0	0	0	0	0	50
2019	0.918835	0.880808	0	0	0	0	0	0	0	0	0	0	0	50
# Index-11 VAST All Spring
1980	1.627629	1.596328	0	0	0	0	0	0	0	0	0	0	0	50
1981	2.430886	1.936056	0	0	0	0	0	0	0	0	0	0	0	50
1982	1.697809	1.63134		0	0	0	0	0	0	0	0	0	0	0	50
1983	1.526297	1.319045	0	0	0	0	0	0	0	0	0	0	0	50
1984	0.952024	0.982043	0	0	0	0	0	0	0	0	0	0	0	50
1985	1.089008	1.581545	0	0	0	0	0	0	0	0	0	0	0	50
1986	1.060442	1.437492	0	0	0	0	0	0	0	0	0	0	0	50
1987	0.756825	1.216506	0	0	0	0	0	0	0	0	0	0	0	50
1988	0.695974	0.948184	0	0	0	0	0	0	0	0	0	0	0	50
1989	0.808691	1.293144	0	0	0	0	0	0	0	0	0	0	0	50
1990	0.916017	1.549776	0	0	0	0	0	0	0	0	0	0	0	50
1991	1.061266	1.232062	0	0	0	0	0	0	0	0	0	0	0	50
1992	1.089457	1.228279	0	0	0	0	0	0	0	0	0	0	0	50
1993	0.944089	0.953172	0	0	0	0	0	0	0	0	0	0	0	50
1994	0.804722	0.973875	0	0	0	0	0	0	0	0	0	0	0	50
1995	1.125545	1.143648	0	0	0	0	0	0	0	0	0	0	0	50
1996	0.990038	1.070003	0	0	0	0	0	0	0	0	0	0	0	50
1997	1.144621	1.118233	0	0	0	0	0	0	0	0	0	0	0	50
1998	1.026837	1.129838	0	0	0	0	0	0	0	0	0	0	0	50
1999	1.051903	1.021364	0	0	0	0	0	0	0	0	0	0	0	50
2000	1.195404	1.099998	0	0	0	0	0	0	0	0	0	0	0	50
2001	0.960971	0.997524	0	0	0	0	0	0	0	0	0	0	0	50
2002	1.060254	0.950209	0	0	0	0	0	0	0	0	0	0	0	50
2003	0.916134	0.932417	0	0	0	0	0	0	0	0	0	0	0	50
2004	0.745886	0.71006		0	0	0	0	0	0	0	0	0	0	0	50
2005	0.551856	0.607379	0	0	0	0	0	0	0	0	0	0	0	50
2006	0.65569		0.627341	0	0	0	0	0	0	0	0	0	0	0	50
2007	0.713987	0.720675	0	0	0	0	0	0	0	0	0	0	0	50
2008	0.732575	0.9937		0	0	0	0	0	0	0	0	0	0	0	50
2009	0.558455	0.379837	0	0	0	0	0	0	0	0	0	0	0	50
2010	0.569205	0.430607	0	0	0	0	0	0	0	0	0	0	0	50
2011	0.559071	0.419747	0	0	0	0	0	0	0	0	0	0	0	50
2012	0.531487	0.43648		0	0	0	0	0	0	0	0	0	0	0	50
2013	0.38351		0.326841	0	0	0	0	0	0	0	0	0	0	0	50
2014	0.419129	0.312861	0	0	0	0	0	0	0	0	0	0	0	50
2015	0.44571		0.349507	0	0	0	0	0	0	0	0	0	0	0	50
2016	0.514957	0.396574	0	0	0	0	0	0	0	0	0	0	0	50
2017	0.576292	0.477325	0	0	0	0	0	0	0	0	0	0	0	50
2018	0.433346	0.537888	0	0	0	0	0	0	0	0	0	0	0	50
2019	0.381652	0.321897	0	0	0	0	0	0	0	0	0	0	0	50
# Index-12 VAST All Fall
1980	1.360041	1.152956	0	0	0	0	0	0	0	0	0	0	0	50
1981	1.434715	1.263871	0	0	0	0	0	0	0	0	0	0	0	50
1982	0.956028	1.254655	0	0	0	0	0	0	0	0	0	0	0	50
1983	1.084908	1.118726	0	0	0	0	0	0	0	0	0	0	0	50
1984	0.911677	1.01121		0	0	0	0	0	0	0	0	0	0	0	50
1985	1.037637	1.231843	0	0	0	0	0	0	0	0	0	0	0	50
1986	0.818559	1.022694	0	0	0	0	0	0	0	0	0	0	0	50
1987	0.798126	0.910934	0	0	0	0	0	0	0	0	0	0	0	50
1988	0.787716	0.803557	0	0	0	0	0	0	0	0	0	0	0	50
1989	0.850703	0.899106	0	0	0	0	0	0	0	0	0	0	0	50
1990	1.211198	1.3761		0	0	0	0	0	0	0	0	0	0	0	50
1991	1.140852	1.291511	0	0	0	0	0	0	0	0	0	0	0	50
1992	0.835903	1.127863	0	0	0	0	0	0	0	0	0	0	0	50
1993	1.125922	1.35956		0	0	0	0	0	0	0	0	0	0	0	50
1994	0.898417	0.906402	0	0	0	0	0	0	0	0	0	0	0	50
1995	0.943244	0.929949	0	0	0	0	0	0	0	0	0	0	0	50
1996	0.964501	0.898006	0	0	0	0	0	0	0	0	0	0	0	50
1997	0.895603	1.061348	0	0	0	0	0	0	0	0	0	0	0	50
1998	1.008673	1.10914		0	0	0	0	0	0	0	0	0	0	0	50
1999	0.971072	0.912435	0	0	0	0	0	0	0	0	0	0	0	50
2000	1.019415	1.318181	0	0	0	0	0	0	0	0	0	0	0	50
2001	1.063516	1.160033	0	0	0	0	0	0	0	0	0	0	0	50
2002	0.877401	1.209141	0	0	0	0	0	0	0	0	0	0	0	50
2003	0.984277	1.193405	0	0	0	0	0	0	0	0	0	0	0	50
2004	0.732917	0.778956	0	0	0	0	0	0	0	0	0	0	0	50
2005	0.688384	0.679094	0	0	0	0	0	0	0	0	0	0	0	50
2006	0.70347		0.709435	0	0	0	0	0	0	0	0	0	0	0	50
2007	0.683802	0.646665	0	0	0	0	0	0	0	0	0	0	0	50
2008	0.762378	0.664817	0	0	0	0	0	0	0	0	0	0	0	50
2009	0.892267	0.786055	0	0	0	0	0	0	0	0	0	0	0	50
2010	0.826834	0.712099	0	0	0	0	0	0	0	0	0	0	0	50
2011	0.966596	0.815605	0	0	0	0	0	0	0	0	0	0	0	50
2012	0.793651	0.64102		0	0	0	0	0	0	0	0	0	0	0	50
2013	0.691119	0.581194	0	0	0	0	0	0	0	0	0	0	0	50
2014	0.776888	0.739657	0	0	0	0	0	0	0	0	0	0	0	50
2015	1.098362	0.858995	0	0	0	0	0	0	0	0	0	0	0	50
2016	1.164095	0.92001		0	0	0	0	0	0	0	0	0	0	0	50
2017	0.821694	0.918961	0	0	0	0	0	0	0	0	0	0	0	50
2018	0.578201	0.696868	0	0	0	0	0	0	0	0	0	0	0	50
2019	0.633516	0.640899	0	0	0	0	0	0	0	0	0	0	0	50
# Phase Control
# Phase for F mult in 1st Year
1
# Phase for F mult Deviations
3
# Phase for Recruitment Deviations
3
# Phase for N in 1st Year
2
# Phase for Catchability in 1st Year
1
# Phase for Catchability Deviations
-5
# Phase for Stock Recruitment Relationship
1
# Phase for Steepness
1
# Recruitment CV by Year
0.5
0.5
0.5
0.5
0.5
0.5
0.5
0.5
0.5
0.5
0.5
0.5
0.5
0.5
0.5
0.5
0.5
0.5
0.5
0.5
0.5
0.5
0.5
0.5
0.5
0.5
0.5
0.5
0.5
0.5
0.5
0.5
0.5
0.5
0.5
0.5
0.5
0.5
0.5
0.5
# Lambdas by Index
1  1  1  1  1  1  1  1  1  1  1  1  
# Lambda for Total Catch in Weight by Fleet
1  
# Lambda for Total Discards at Age by Fleet
0  
# Catch Total CV by Year and Fleet
0.1          
0.1          
0.1          
0.1          
0.1          
0.1          
0.1          
0.1          
0.1          
0.1          
0.1          
0.1          
0.1          
0.1          
0.1          
0.1          
0.1          
0.1          
0.1          
0.1          
0.1          
0.1          
0.1          
0.1          
0.1          
0.1          
0.1          
0.1          
0.1          
0.1          
0.1          
0.1          
0.1          
0.1          
0.1          
0.1          
0.1          
0.1          
0.1     
0.1     
# Discard Total CV by Year and Fleet
0.1          
0.1          
0.1          
0.1          
0.1          
0.1          
0.1          
0.1          
0.1          
0.1          
0.1          
0.1          
0.1          
0.1          
0.1          
0.1          
0.1          
0.1          
0.1          
0.1          
0.1          
0.1          
0.1          
0.1          
0.1          
0.1          
0.1          
0.1          
0.1          
0.1          
0.1          
0.1          
0.1          
0.1          
0.1          
0.1          
0.1          
0.1          
0.1          
0.1
# Catch Effective Sample Size by Year and Fleet
100          
100          
100          
100          
100          
100          
100          
100          
100          
100          
100          
100          
100          
100          
100          
100          
100          
100          
100          
100          
100          
100          
100          
100          
100          
100          
100          
100          
100          
100          
100          
100          
100          
100          
100          
100          
100          
100          
100  
100        
# Discard Effective Sample Size by Year and Fleet
0            
0            
0            
0            
0            
0            
0            
0            
0            
0            
0            
0            
0            
0            
0            
0            
0            
0            
0            
0            
0            
0            
0            
0            
0            
0            
0            
0            
0            
0            
0            
0            
0            
0            
0            
0            
0            
0            
0    
0        
# Lambda for F Mult in First year by Fleet
0  
# CV for F Mult in First year by Fleet
0.1  
# Lambda for F Mult Deviations by Fleet
0  
# CV for F Mult Deviations by Fleet
0.1  
# Lambda for N in 1st Year Deviations
1
# CV for N in 1st Year Deviations
0.1
# Lambda for Recruitment Deviations
1
# Lambda for Catchability in First year by Index
0  0  0  0  0  0  0  0  0  0  0  0   
# CV for Catchability in First year by Index
0.001  0.001  0.001  0.001  0.001  0.001  0.001  0.001  0.001  0.001  0.001  0.001 
# Lambda for Catchability Deviations by Index
0  0  0  0  0  0  0  0  0  0  0  0  
# CV for Catchability Deviations by Index
0.001  0.001  0.001  0.001  0.001  0.001  0.001  0.001  0.001  0.001  0.001  0.001 
# Lambda for Deviation from Initial Steepness
0
# CV for Deviation from Initial Steepness
0.1
# Lambda for Deviation from Unexploited Stock Size
0
# CV for Deviation from Unexploited Stock Size
0.1
# NAA Deviations Flag
1
# Initial Numbers at Age in 1st Year
10000  10000  10000  10000  10000  10000  10000  10000  10000  10000  10000  
# Initial F Mult in 1st Year by Fleet
0.2  
# Initial Catchabilty by Index
0.001  0.001  0.001  0.001  0.001  0.001  0.001  0.001  0.001  0.001  0.001  0.001
# Stock Recruitment Flag
0
# Initial Unexploited Stock
10000
# Initial Steepness
0.7
# Maximum F
5.0
# Ignore Guesses (Yes=1)
0
# Projection Control
# Do Projections (Yes=1)
0
# Fleet Directed Flag
1  
# Final Year in Projection
2019
# Projection Data by Year
2020     -1         3     -99        1          
# Do MCMC (Yes=1)
0
# MCMC Year Option
1
# MCMC Iterations
1000
# MCMC Thinning Factor
200
# MCMC Random Seed
12345678
# Agepro R Option
0
# Agepro R Option Start Year
2014
# Agepro R Option End Year
2018
# Export R Flag
0
# Test Value
-23456
######
###### FINIS ######
# Fleet Names
#$FLEET-1
# Survey Names
#$Index-1 NEFSC Spring
#$Index-2 NEFSC Fall
#$Index-3 MADMF Spring
#$Index-4 MADMF Fall
#$Index-5 VAST NEFSC Spring
#$Index-6 VAST NEFSC Fall
#$Index-7 VAST MADMF Spring
#$Index-8 VAST MADMF Fall
#$Index-9 VAST MENH Spring
#$Index-10 VAST MENH Fall 
#$Index-11 VAST All Spring
#$Index-12 VAST All Fall
